93
91
86
82
78
76
69
69
68
65
57
50
50
50
50
53
50
52
49
50
57
66
70
76
83
83
82
78
80
84
88
77
70
66
66
65
72
72
64
52
49
55
57
56
50
42
35
36
38
43
45
50
44
39
38
44
47
45
51
58
60
63
73
83
91
97
106
113
115
107
107
94
84
84
77
66
61
63
53
58
52
63
73
74
78
86
88
88
99
101
106
107
107
100
90
86
82
75
69
64
56
53
52
57
68
68
64
60
59
59
60
62
66
68
68
74
83
91
95
99
106
102
99
92
87
88
90
83
78
77
77
80
78
82
85
85
82
85
86
89
86
81
74
66
57
51
43
48
42
32
27
28
27
32
35
34
38
32
36
41
48
53
65
72
70
72
73
78
82
83
75
75
75
75
83
88
88
84
83
84
89
77
73
68
64
60
67
67
69
69
61
61
60
58
57
56
52
58
61
67
76
82
82
78
77
77
74
70
66
61
59
63
65
73
78
81
88
85
78
82
85
88
91
93
90
87
87
89
95
90
85
80
76
70
69
74
68
61
55
50
45
44
36
41
35
25
20
24
23
22
20
28
28
18
28
39
38
43
53
58
63
57
69
82
78
74
78
73
74
69
76
69
65
59
58
60
63
67
65
77
75
83
84
77
81
82
75
70
66
58
55
56
55
67
66
67
76
77
73
69
66
61
58
51
56
55
51
51
57
65
73
73
80
84
73
75
81
86
92
83
81
84
82
84
84
77
67
68
65
70
68
64
65
58
58
58
57
49
41
35
30
26
20
20
20
27
32
28
36
45
55
63
61
58
59
58
58
68
63
66
69
63
60
63
70
69
76
67
69
61
59
69
78
74
69
69
65
69
76
78
68
66
56
56
56
51
50
49
50
56
63
57
66
72
72
69
74
80
67
58
64
73
66
64
70
78
78
78
90
86
83
77
82
90
89
80
76
72
72
80
78
81
74
63
59
64
63
66
60
53
47
39
40
44
36
41
35
25
20
24
23
28
34
38
45
39
49
59
68
74
84
88
91
93
95
102
101
92
83
75
76
77
68
59
56
55
55
65
74
81
78
80
91
102
107
103
103
99
89
81
76
68
61
56
51
56
53
59
63
70
70
66
61
60
58
53
56
52
59
61
68
78
87
91
93
94
92
85
78
78
78
70
67
65
68
69
70
76
80
75
70
74
73
76
72
69
63
59
52
51
44
49
43
33
32
32
32
31
34
36
41
36
42
47
51
55
63
70
72
68
68
67
69
76
76
78
81
81
88
84
91
91
91
91
90
78
73
68
65
70
70
77
82
74
67
72
76
74
72
70
61
55
44
42
51
52
48
44
43
43
45
47
44
56
47
53
60
72
80
86
93
87
87
86
85
84
72
72
59
59
59
70
83
84
84
85
98
91
97
90
84
77
66
55
55
47
34
39
33
27
23
23
22
20
33
41
49
51
64
76
88
95
108
120
120
120
123
118
118
118
118
118
113
113
113
107
103
108
101
100
98
91
97
93
93
99
105
105
111
110
113
111
105
97
97
97
97
97
97
86
86
94
101
100
88
78
78
74
74
82
82
69
69
77
85
90
77
82
82
82
69
77
73
73
77
77
90
85
81
81
93
98
102
107
107
111
111
109
101
93
93
93
93
93
93
81
75
76
83
90
84
78
73
67
61
74
80
85
91
97
102
108
114
119
125
125
125
125
125
125
125
125
125
125
119
114
108
108
108
108
108
108
108
108
114
119
125
125
125
125
125
125
125
125
125
125
113
100
100
88
75
63
63
63
63
50
52
65
65
77
90
102
102
92
80
80
86
81
75
66
