93
93
88
84
81
78
72
73
72
68
60
52
52
52
52
56
52
55
51
52
59
68
73
77
80
80
78
74
75
80
83
73
66
63
66
65
72
72
64
52
49
55
57
56
50
43
36
38
39
44
47
51
47
42
41
47
49
48
53
60
63
59
68
77
85
91
100
107
110
102
102
108
105
105
98
86
82
83
84
89
84
82
85
86
91
99
100
100
100
102
106
107
108
101
92
89
85
80
74
68
60
58
56
60
70
70
65
60
59
59
61
65
68
72
73
80
89
98
106
109
115
111
108
100
94
89
91
84
80
78
78
80
78
82
85
90
86
89
86
89
87
83
76
69
60
55
47
41
35
25
19
19
19
23
34
33
38
42
47
51
59
65
75
82
73
73
74
80
84
85
77
68
58
58
66
72
72
68
66
67
70
68
74
69
65
61
67
68
61
61
53
53
52
50
49
48
44
48
60
66
76
86
86
83
83
83
80
77
73
68
65
64
67
75
80
83
91
89
82
85
89
91
93
95
92
89
82
83
90
84
80
74
70
65
64
68
68
66
59
55
50
49
41
45
51
42
38
36
36
36
35
43
56
45
44
53
52
58
67
76
81
75
69
82
78
74
78
81
82
72
78
72
73
68
67
69
72
66
64
76
77
77
78
70
65
66
59
58
55
47
40
45
44
57
65
58
68
68
68
65
63
63
60
53
58
65
64
64
64
72
78
78
84
90
78
81
83
89
94
85
78
81
80
81
92
85
75
65
59
65
67
65
65
58
47
43
42
47
41
35
30
24
15
15
15
26
26
22
30
38
47
59
61
59
60
58
63
72
67
72
75
64
61
59
61
58
65
58
60
52
50
59
68
67
65
65
60
64
65
68
58
57
53
55
58
57
56
55
60
65
68
63
59
68
68
65
61
68
56
47
51
48
47
44
50
58
66
64
75
72
74
76
81
84
84
85
82
78
76
84
82
89
82
70
67
57
56
59
60
58
51
43
43
44
36
35
41
32
23
23
24
30
36
48
57
60
52
61
70
75
83
86
90
88
89
95
99
94
89
81
82
83
74
65
61
60
63
68
74
78
76
77
89
100
106
109
113
108
98
92
89
81
74
67
61
59
57
63
66
75
75
70
66
66
65
60
59
56
64
65
70
80
89
92
97
102
100
93
85
81
81
83
73
70
70
70
72
77
80
80
75
69
75
74
70
65
58
51
45
44
43
48
42
38
32
32
35
38
41
44
48
43
49
52
63
66
70
78
86
82
77
76
78
85
85
82
78
78
78
84
91
92
89
86
83
90
86
82
78
75
72
74
81
81
77
70
74
73
70
69
67
61
52
45
51
56
56
50
47
47
47
50
60
70
73
69
64
76
86
81
88
94
82
69
57
61
61
49
36
49
49
48
60
68
68
57
69
69
69
63
60
55
43
36
42
48
35
35
45
41
32
32
32
31
25
32
40
40
30
28
40
47
58
70
83
83
75
83
95
108
95
95
90
90
77
77
85
84
77
77
90
84
90
90
99
99
91
84
78
77
75
73
66
59
63
63
75
88
100
89
78
86
86
81
68
60
56
51
51
64
72
59
53
61
69
73
73
65
52
48
48
56
64
64
64
64
64
76
84
84
89
81
73
77
82
86
91
84
76
68
56
68
76
76
74
61
49
50
57
64
70
65
64
58
55
67
80
85
91
97
102
108
114
119
125
125
125
125
125
125
125
125
125
125
125
119
114
114
114
114
114
114
114
114
114
119
125
125
125
125
125
125
125
125
125
125
113
100
100
88
75
63
63
63
63
63
63
75
75
88
100
113
113
113
100
100
113
113
100
88
75
75
63
63
75
63
63
63
75
88
100
88
92
92
92
105
92
80
77
69
69
69
77
77
77
77
90
102
105
113
113
125
125
125
114
114
102
102
91
80
68
68
56
43
47
47
58
58
60
72
83
83
89
100
95
83
83
81
90
90
90
78
83
73
84
95
95
98
88
86
85
94
94
106
106
107
106
105
102
91
92
93
85
85
86
86
88
89
100
111
111
100
109
108
108
107
107
107
108
109
109
122
110
111
106
106
95
95
95
95
94
94
106
105
110
102
111
110
109
108
102
102
103
103
102
105
93
94
95
97
103
103
101
102
102
109
115
114
107
100
93
86
82
75
69
68
74
74
80
85
80
74
81
86
83
84
84
83
83
84
95
107
107
108
117
117
117
118
119
118
118
119
118
111
106
99
93
93
86
81
75
68
63
63
68
74
81
82
88
94
100
106
105
110
110
111
110
108
107
107
108
108
116
117
116
109
101
94
90
83
76
70
61
55
50
50
52
61
68
75
75
75
77
84
84
91
98
97
95
95
101
108
114
113
119
119
110
109
109
100
101
94
95
88
80
73
69
72
69
75
65
72
70
77
75
70
72
70
74
77
86
82
82
83
93
103
115
115
114
107
101
99
93
93
86
81
74
68
62
62
68
74
81
82
88
82
89
94
93
100
92
92
90
83
77
77
69
70
69
60
68
60
53
49
44
56
64
55
55
64
58
60
63
67
72
66
59
61
64
57
57
51
45
51
58
58
56
56
56
56
56
61
67
61
55
55
57
57
55
52
57
57
57
51
58
65
63
60
68
75
68
63
57
60
60
59
67
75
75
77
86
99
102
110
103
98
92
86
81
74
67
60
63
57
57
57
57
57
57
64
70
77
84
84
84
84
91
89
93
86
80
67
59
58
56
52
45
48
41
39
36
42
43
44
44
48
48
48
50
52
55
55
55
55
57
57
57
64
64
64
64
64
59
66
66
66
66
55
57
61
66
64
73
66
70
76
74
78
76
77
78
88
81
78
74
74
74
77
72
61
55
52
61
69
75
66
65
59
63
73
74
69
63
57
51
60
64
66
68
63
63
63
63
63
62
57
55
55
55
55
55
55
52
50
55
55
57
64
63
57
53
51
53
56
49
43
38
26
26
30
31
33
33
33
35
41
47
51
52
55
57
57
57
64
70
77
84
84
82
82
82
82
82
75
68
61
55
55
57
57
57
55
59
65
65
72
77
83
81
78
76
83
76
70
65
53
42
41
49
55
64
53
50
50
53
58
64
59
53
50
43
49
55
55
57
57
57
57
57
57
57
55
52
50
44
42
41
40
47
44
49
51
53
50
50
51
50
49
42
44
38
38
35
41
47
48
48
50
50
50
52
52
55
55
55
55
57
57
57
57
64
69
76
83
83
83
82
76
70
65
60
59
57
48
47
47
55
65
68
74
72
73
67
76
84
82
75
73
73
80
74
63
58
58
58
55
61
66
63
50
53
59
65
58
51
57
50
43
49
55
57
57
57
57
59
57
51
45
48
50
44
47
44
39
43
48
58
70
68
73
85
90
99
102
102
107
109
109
116
116
116
111
102
106
100
94
89
83
77
72
66
65
68
68
74
80
85
91
97
102
108
114
119
119
114
107
107
107
107
107
107
107
107
113
118
124
118
118
118
113
107
107
107
107
107
108
114
114
114
119
125
125
125
125
125
113
100
93
81
74
61
61
55
55
48
53
59
66
78
85
98
98
92
92
99
106
113
100
88
75
75
75
88
88
81
81
81
93
106
109
109
107
105
98
95
89
82
75
66
62
53
44
40
39
41
41
41
41
43
49
51
55
60
56
50
45
52
58
64
69
75
70
63
73
83
92
84
78
73
72
70
76
78
80
81
82
90
88
88
85
78
84
80
80
80
80
80
89
95
98
94
94
103
102
91
85
77
70
64
59
65
59
55
50
56
56
57
63
57
51
45
40
44
39
38
36
36
35
45
56
61
73
63
67
75
74
70
70
70
66
61
50
50
45
33
40
39
28
18
18
23
28
34
40
45
41
45
51
64
64
63
63
60
58
58
58
58
58
51
51
52
52
55
57
57
64
68
73
73
72
66
65
61
59
56
51
41
31
25
25
25
22
30
35
45
50
63
73
76
77
77
77
73
69
63
56
49
44
47
47
52
57
57
57
57
57
55
51
47
41
40
39
39
43
48
48
50
53
52
57
52
51
48
43
43
43
41
39
44
45
51
50
50
45
41
41
43
45
45
45
45
49
52
57
57
57
56
56
56
55
55
49
48
47
44
43
49
53
51
52
52
63
61
60
63
69
72
66
75
73
70
68
68
70
65
53
47
45
43
43
51
55
63
60
66
76
76
78
74
75
69
64
58
60
60
56
56
56
56
57
57
57
55
51
51
45
45
44
44
49
52
57
59
63
57
61
68
67
65
60
61
57
52
47
47
42
30
36
44
40
30
25
30
35
41
47
52
48
42
47
59
64
64
64
64
64
64
64
64
64
57
57
57
57
57
57
57
61
66
70
70
70
65
70
77
75
73
68
68
58
52
47
47
39
31
31
35
39
28
32
38
48
53
51
52
53
51
48
53
56
56
51
51
56
56
56
55
52
50
48
45
43
41
40
40
45
50
57
59
61
58
59
56
55
52
48
49
44
42
40
45
47
52
51
51
47
42
42
44
45
43
43
43
47
49
53
53
53
51
52
52
51
51
48
48
48
43
42
49
53
60
67
67
75
80
84
89
95
85
80
82
73
70
68
61
55
49
39
39
38
35
36
36
32
32
32
35
44
50
47
42
43
45
48
50
52
55
50
50
56
56
57
56
55
52
51
49
47
44
43
43
48
53
59
61
63
59
60
60
59
57
52
52
48
43
39
39
38
34
41
49
44
34
30
34
38
41
43
49
44
39
43
56
58
58
58
60
58
58
58
58
58
51
53
53
55
55
57
57
61
66
70
70
70
65
64
60
58
56
51
50
40
44
39
39
39
38
38
38
43
38
40
33
43
49
45
50
51
53
48
50
53
56
51
51
56
56
57
55
53
51
50
48
45
44
43
43
48
55
60
63
64
73
74
69
77
75
70
66
61
59
57
50
51
57
47
47
45
45
45
48
49
47
44
44
48
50
51
51
51
58
59
59
61
60
56
50
49
48
45
43
48
55
60
61
65
73
78
80
82
84
86
89
90
87
89
89
82
76
70
58
49
49
40
39
35
35
32
35
45
51
48
41
42
45
49
47
52
55
50
50
56
55
58
52
53
48
50
48
45
48
50
45
50
53
50
63
60
57
53
45
50
53
53
60
63
50
44
57
69
77
75
84
72
61
56
63
69
64
58
57
53
48
60
73
85
91
97
102
101
107
113
118
111
105
105
105
105
105
111
111
111
111
113
114
114
114
114
114
114
114
114
114
119
125
125
125
125
125
125
125
125
125
125
113
100
93
81
74
66
66
66
57
50
56
61
68
81
88
95
95
85
82
80
77
75
65
52
43
34
25
26
32
34
34
34
35
39
39
39
39
41
39
36
39
41
42
42
42
42
43
43
44
44
42
40
41
43
43
43
42
40
39
39
39
39
36
34
34
34
34
34
34
41
48
55
57
58
65
72
80
82
91
84
77
70
68
66
59
52
44
40
27
27
27
27
27
35
42
44
44
47
52
49
51
53
56
51
47
47
49
51
51
57
56
53
51
51
49
47
43
41
41
41
42
44
51
56
58
60
64
60
58
56
53
48
48
48
43
39
33
33
30
36
44
44
34
24
28
33
39
44
50
45
40
45
51
51
51
51
49
47
47
47
47
47
47
52
52
52
55
57
57
57
51
56
56
56
56
50
44
39
36
31
40
30
34
28
23
23
23
28
31
36
33
39
40
50
56
61
67
66
65
65
65
65
59
55
55
55
55
56
57
57
57
57
57
57
57
57
57
57
61
66
70
70
76
83
82
76
74
72
67
62
57
53
48
41
42
45
45
47
42
42
43
47
47
47
47
49
51
52
57
57
55
57
59
59
59
59
59
59
59
57
61
64
66
64
64
63
68
73
78
81
78
68
62
72
69
67
64
57
49
43
49
55
56
55
63
72
75
83
85
89
83
77
73
67
61
56
50
44
44
47
47
52
57
57
57
57
57
57
53
53
53
53
53
53
58
61
66
66
69
64
61
56
53
48
48
49
43
39
33
33
30
40
47
47
36
27
28
33
39
44
50
45
41
47
52
51
51
49
47
44
42
42
42
42
42
48
48
50
52
55
57
57
51
56
60
60
60
55
53
48
45
43
53
43
43
43
38
38
33
39
47
49
50
61
57
61
72
77
83
83
76
76
70
65
65
60
56
56
56
56
57
57
57
57
57
57
57
57
57
57
61
64
68
68
74
68
67
61
59
57
52
50
45
42
36
42
43
53
50
57
52
52
52
56
56
56
56
51
57
52
57
57
59
61
64
64
64
64
64
64
64
64
64
66
68
73
73
73
72
76
82
82
80
69
72
74
72
66
72
65
58
52
48
53
47
40
42
48
38
40
41
47
55
55
50
50
50
50
56
56
56
56
52
52
57
57
57
57
57
57
53
53
53
53
53
53
58
62
67
67
70
65
64
58
56
50
50
50
44
40
34
40
35
39
45
45
36
27
28
33
39
39
44
47
42
48
52
57
55
57
57
57
55
55
55
55
55
55
57
55
55
55
57
57
51
49
53
53
60
55
60
55
52
49
59
56
49
49
38
38
32
38
38
41
36
42
44
44
53
59
59
59
60
60
60
60
60
60
56
56
56
56
57
62
68
74
81
86
93
88
82
86
92
84
84
78
72
60
52
56
59
52
47
53
48
44
44
50
51
53
50
57
52
48
48
51
51
51
51
51
57
52
57
62
68
74
80
86
81
75
70
66
61
52
49
49
48
45
51
57
60
69
73
75
73
67
62
58
59
57
59
56
55
55
49
48
47
45
49
57
61
66
74
75
85
86
83
84
75
69
64
63
57
57
50
49
