0
0
0
0
0
0
0
0
0
0
0
0
0
0
0
0
0
0
0
0
0
0
0
0
0
0
0
0
0
0
0
0
0
0
0
4
0
0
0
33
8
0
0
57
53
6
3
63
96
84
24
56
109
118
45
51
98
80
46
45
83
12
41
43
67
2
32
38
55
0
26
32
44
0
21
29
35
0
19
26
28
0
19
21
22
0
17
16
17
0
15
14
14
0
13
13
10
0
11
11
7
0
9
10
4
0
8
6
2
0
12
3
1
0
40
1
0
0
62
0
0
0
51
0
1
0
44
0
1
0
39
0
1
0
34
14
0
0
28
56
0
0
25
89
0
0
22
90
0
0
30
79
0
0
42
71
0
0
57
64
0
0
53
60
0
0
46
54
0
0
37
45
0
0
33
42
0
0
28
36
0
0
23
28
0
8
25
22
0
41
22
20
0
50
16
19
0
28
13
15
0
4
10
13
0
1
7
8
5
0
7
5
25
5
21
21
43
28
39
36
48
36
55
41
41
21
42
36
35
3
35
33
29
1
30
29
24
0
27
28
19
0
24
25
15
0
20
21
12
0
18
19
9
0
15
16
7
0
15
14
6
0
14
10
4
0
13
9
3
0
11
9
1
0
11
7
1
0
10
6
0
0
7
4
0
0
6
2
0
0
7
0
0
0
5
0
0
0
3
0
0
0
1
0
0
0
0
0
0
0
0
0
0
0
0
0
0
0
0
0
0
0
0
0
0
0
0
0
0
0
0
0
0
0
0
10
0
0
0
57
0
0
0
96
0
0
0
101
0
0
0
90
0
0
0
81
0
0
0
72
0
0
0
68
0
0
18
61
0
0
52
51
0
0
91
47
0
0
86
41
0
17
77
33
0
75
56
51
0
87
47
78
0
49
40
92
0
7
35
80
0
1
38
74
0
0
33
58
0
0
26
53
0
0
24
45
0
0
21
38
0
0
17
33
4
0
16
30
52
3
36
52
101
81
83
71
116
119
120
76
108
91
95
68
92
17
80
62
74
3
73
53
60
1
61
49
49
0
55
41
39
0
47
32
32
0
41
28
25
0
35
25
20
0
34
21
16
0
32
16
12
0
29
14
8
0
26
13
5
0
25
11
2
0
23
10
1
0
17
6
0
0
15
3
0
0
16
1
1
0
13
0
1
0
8
0
1
0
3
10
0
0
1
55
0
0
0
93
0
0
0
98
0
0
9
87
0
0
23
79
0
0
40
70
0
0
38
66
0
0
34
60
0
0
24
50
0
0
21
46
0
0
18
42
0
0
16
54
0
4
17
62
0
35
15
63
0
47
12
58
0
30
11
50
0
4
9
45
0
1
7
37
3
0
7
29
22
2
16
22
43
30
37
19
48
42
53
17
45
29
42
14
38
5
35
11
30
1
32
9
25
0
27
9
20
0
24
7
16
0
21
7
13
0
18
4
10
0
15
2
8
0
15
0
6
0
14
0
5
0
13
0
3
0
11
0
2
0
11
0
1
0
10
0
0
0
7
0
0
0
6
0
0
0
7
0
0
0
6
0
0
0
3
0
0
0
1
0
0
0
0
0
0
0
0
0
0
0
0
0
0
0
0
0
0
0
0
0
0
0
0
0
0
0
0
0
0
0
0
18
0
0
0
60
0
0
0
94
0
0
0
92
0
0
0
81
0
0
0
72
0
0
0
66
0
0
0
62
0
0
22
55
0
0
49
46
0
0
83
43
0
0
78
37
0
1
69
29
0
41
50
48
0
83
42
76
0
74
36
95
0
17
32
84
0
3
33
75
0
1
30
62
0
0
24
54
0
0
22
48
0
0
19
41
0
0
15
35
0
0
14
32
43
2
35
50
90
62
78
68
112
114
110
78
102
93
85
69
86
19
71
64
74
3
65
55
60
1
55
50
49
0
50
42
40
0
42
34
33
0
37
28
26
0
32
26
20
0
31
22
16
0
29
16
13
0
26
14
9
0
23
12
5
0
23
11
2
0
21
10
1
0
15
6
0
0
13
3
0
0
15
1
1
0
11
0
1
0
6
0
1
0
2
3
0
0
1
42
0
0
0
76
0
0
0
86
0
0
5
77
0
0
21
70
0
0
39
61
0
0
39
59
0
0
35
53
0
0
26
44
0
0
22
40
0
0
18
35
0
0
16
29
0
1
17
22
0
36
15
19
0
51
12
19
0
38
11
15
0
7
9
14
0
1
8
8
1
0
7
4
18
1
12
19
35
23
35
37
41
35
53
45
38
27
42
40
33
5
34
37
27
1
33
32
22
0
28
31
18
0
24
28
15
0
21
24
12
0
18
21
9
0
16
19
7
0
15
16
6
0
14
12
5
0
13
10
3
0
12
9
2
0
11
8
1
0
10
7
0
0
8
5
0
0
6
3
0
0
7
1
0
0
6
0
0
0
4
0
0
0
1
0
0
0
1
0
0
0
0
0
0
0
0
0
0
0
0
0
0
0
0
0
0
0
0
22
0
0
0
71
0
0
0
111
0
0
0
107
0
0
0
94
0
0
0
84
0
0
0
77
0
0
0
72
0
0
0
64
0
0
0
54
0
0
12
50
0
0
47
43
0
0
84
33
0
0
82
26
0
3
75
23
0
62
54
39
0
89
45
64
0
64
38
84
0
11
33
72
0
2
36
59
0
0
32
51
0
0
25
46
0
0
23
43
0
0
20
38
0
0
16
32
0
0
14
29
37
1
31
26
84
55
77
20
114
116
113
16
103
107
89
14
89
28
74
13
73
4
71
11
62
1
58
8
51
0
52
5
42
0
45
2
34
0
39
0
26
0
33
0
21
0
32
0
16
0
30
0
12
0
27
0
9
0
25
0
5
0
23
0
2
0
22
0
1
0
16
0
0
0
14
0
0
0
15
0
1
0
13
0
1
0
8
0
1
0
3
0
0
0
1
37
0
0
0
72
0
0
0
86
0
0
2
76
0
0
21
70
0
0
39
60
0
0
40
58
0
0
37
53
0
0
30
45
0
0
23
40
0
0
19
36
0
0
17
29
0
1
17
23
0
24
15
37
0
41
13
51
0
33
11
54
0
7
9
48
0
1
8
40
0
0
7
32
16
1
10
28
34
20
35
24
45
39
54
20
41
32
46
18
34
7
39
16
29
1
34
13
24
0
30
10
20
0
25
9
16
0
22
8
13
0
20
7
11
0
17
6
8
0
15
4
7
0
14
2
5
0
14
0
4
0
11
0
2
0
11
0
1
0
11
0
0
0
9
0
0
0
7
0
0
0
8
0
0
0
7
0
0
0
5
0
0
0
2
0
0
0
1
0
0
0
0
0
0
0
0
0
0
0
0
0
0
0
0
0
0
0
0
0
0
0
0
49
0
0
0
98
0
0
0
120
0
0
0
107
0
0
0
98
0
0
0
84
0
0
0
82
0
0
0
74
0
0
0
63
0
0
1
56
0
0
38
51
0
0
70
42
0
0
85
32
0
0
80
27
0
25
63
43
0
78
49
80
0
86
39
108
0
30
34
97
0
4
35
81
0
1
32
68
0
0
28
61
0
0
23
57
0
0
21
51
0
0
17
42
0
0
12
39
35
0
16
52
85
43
67
73
125
115
103
90
118
122
106
82
104
41
89
74
84
5
68
64
68
1
64
58
56
0
53
50
45
0
45
41
37
0
40
32
29
0
36
30
23
0
31
26
18
0
30
19
14
0
29
16
10
0
23
14
6
0
24
13
3
0
24
11
1
0
20
8
0
0
16
5
0
0
17
1
1
0
15
0
1
0
11
0
1
0
4
0
1
0
2
37
0
0
0
77
0
0
0
99
0
0
1
88
0
0
18
81
0
0
34
69
0
0
39
68
0
0
36
61
0
0
28
53
0
0
22
46
0
0
18
42
0
0
16
35
0
0
16
26
0
20
14
23
0
41
13
20
0
36
11
19
0
8
9
16
0
1
8
10
0
0
6
6
13
0
7
15
32
17
32
33
43
36
49
45
39
32
46
42
34
8
39
38
28
1
31
33
24
0
28
31
20
0
24
29
16
0
21
25
13
0
18
21
10
0
16
20
8
0
14
17
6
0
14
24
5
0
13
39
3
0
10
49
2
0
10
46
1
0
11
41
0
0
9
34
0
0
7
30
0
0
7
26
0
0
7
22
0
0
5
19
0
0
2
17
0
0
1
15
0
0
0
11
0
0
0
10
0
0
0
8
0
0
0
8
0
0
0
17
0
0
0
71
0
0
0
117
0
0
0
125
0
0
0
109
0
0
0
100
0
0
0
88
0
0
0
83
0
0
0
75
0
0
0
62
0
0
1
57
0
0
37
50
0
0
72
41
0
0
98
31
0
1
88
27
0
41
68
37
0
85
54
64
0
76
42
88
0
18
36
81
0
3
37
67
0
1
34
56
0
0
31
50
0
0
24
47
0
0
23
42
0
0
19
35
0
0
14
32
27
0
16
41
74
32
68
61
116
105
108
77
111
118
116
73
97
46
99
65
83
6
75
57
67
1
69
52
54
0
59
45
44
0
49
37
36
0
43
29
28
0
38
27
22
0
33
23
17
0
32
18
14
0
31
14
10
0
27
13
6
0
27
12
3
0
26
10
1
0
22
8
1
0
18
5
0
0
17
2
1
0
16
0
1
0
12
0
1
0
5
0
1
0
2
32
0
0
0
74
0
0
0
101
0
0
1
92
0
0
20
84
0
0
37
73
0
0
46
70
0
0
43
64
0
0
34
55
0
0
26
47
0
0
21
44
0
0
18
38
0
0
19
28
0
22
17
24
0
49
15
21
0
47
12
20
0
14
11
16
0
2
9
11
0
0
7
6
14
0
8
13
35
17
36
29
52
44
55
44
49
45
58
41
43
15
48
36
35
2
37
32
28
0
34
30
23
0
29
28
19
0
24
25
15
0
21
20
12
0
19
19
9
0
17
17
7
0
16
13
6
0
16
10
4
0
12
9
2
0
13
9
1
0
13
7
0
0
11
5
0
0
9
3
0
0
9
1
0
0
8
0
0
0
6
0
0
0
2
0
0
0
1
0
0
0
0
0
0
0
0
0
0
0
0
0
0
0
0
0
0
0
0
0
0
0
0
32
0
0
0
79
0
0
0
112
0
0
0
104
0
0
0
93
0
0
0
82
0
0
0
77
0
0
0
71
0
0
0
62
0
0
1
53
0
0
35
49
0
0
66
43
0
0
83
32
0
0
78
27
0
14
61
31
0
74
47
66
0
89
38
93
0
51
32
91
0
7
33
77
0
1
31
65
0
0
27
57
0
0
22
53
0
0
20
48
0
0
16
40
0
0
12
37
19
0
15
41
68
27
63
64
116
103
98
81
111
119
105
80
99
63
86
72
83
8
66
63
69
2
62
57
56
0
51
49
45
0
44
41
36
0
38
31
29
0
34
29
22
0
30
25
18
0
29
20
14
0
28
15
10
0
23
14
6
0
24
13
3
0
23
11
1
0
19
9
1
0
16
5
0
0
16
2
1
0
14
0
1
0
10
0
1
0
4
0
1
0
2
29
0
0
0
66
0
0
0
91
0
0
0
81
0
0
16
74
0
0
31
64
0
0
44
62
0
0
39
56
0
0
31
49
0
0
24
42
0
0
19
39
0
0
16
33
0
0
16
31
0
12
15
47
0
36
14
59
0
39
11
59
0
13
10
51
0
2
9
42
0
0
7
35
10
0
7
29
29
11
30
25
46
36
48
20
44
40
53
19
39
15
44
17
33
2
34
13
27
0
31
10
22
0
27
9
18
0
22
9
14
0
19
7
11
0
17
6
9
0
15
3
7
0
14
1
5
0
14
8
4
0
12
24
2
0
12
37
1
0
12
36
0
0
10
32
0
0
8
28
0
0
7
26
0
0
7
24
0
0
5
22
0
0
2
18
0
0
1
17
0
0
0
15
0
0
0
11
0
0
0
9
0
0
0
8
0
0
0
8
0
0
0
51
0
0
0
96
0
0
0
117
0
0
0
103
0
0
0
94
0
0
0
80
0
0
0
78
0
0
0
70
0
0
0
60
0
0
0
53
0
0
30
48
0
0
61
40
0
0
94
30
0
0
87
26
0
25
73
25
0
80
54
56
0
89
44
82
0
31
39
84
0
4
34
71
0
1
35
61
0
0
33
51
0
0
26
50
0
0
24
45
0
0
21
37
0
0
15
34
14
0
16
35
63
16
52
57
111
99
95
74
118
125
125
75
102
73
96
68
85
10
77
59
72
2
67
53
59
0
60
46
48
0
54
39
38
0
45
30
30
0
40
27
23
0
35
24
18
0
35
19
14
0
32
15
11
0
28
13
7
0
26
13
4
0
26
10
1
0
24
9
1
0
17
5
0
0
14
2
1
0
16
0
1
0
12
0
1
0
6
0
1
0
2
20
0
0
1
61
0
0
0
94
0
0
0
89
0
0
15
78
0
0
30
70
0
0
44
64
0
0
40
60
0
0
33
54
0
0
25
44
0
0
20
41
0
0
18
36
0
0
16
28
0
4
16
22
0
30
15
19
0
41
12
19
0
25
11
15
0
4
9
12
0
1
7
7
8
0
7
8
26
8
27
27
46
30
45
44
45
35
57
45
40
18
45
40
33
2
36
36
28
0
31
32
23
0
28
30
19
0
24
27
15
0
20
23
12
0
18
21
9
0
15
18
7
0
16
15
6
0
15
11
4
0
13
10
3
0
12
10
1
0
12
8
1
0
11
7
0
0
8
4
0
0
7
2
0
0
7
0
0
0
5
0
0
0
3
0
0
0
1
0
0
0
0
0
0
0
0
0
0
0
0
0
0
0
7
0
0
0
30
0
0
0
54
0
0
0
54
0
0
0
48
32
0
0
35
78
0
0
30
108
0
0
25
100
0
0
22
90
0
0
23
78
0
0
20
75
0
0
16
69
0
0
15
60
0
0
13
51
0
0
11
47
2
0
9
41
32
2
18
31
64
57
50
45
73
85
73
57
68
65
58
61
58
12
48
53
46
2
46
45
38
0
38
35
31
0
34
30
25
0
29
25
20
0
25
21
16
0
22
19
12
0
21
16
10
0
19
14
7
0
18
10
5
0
16
9
3
0
15
9
1
0
14
7
1
0
11
6
0
0
9
4
0
0
10
2
1
0
9
0
1
0
5
0
1
0
2
0
0
0
1
0
0
0
0
0
0
0
0
0
0
0
0
0
0
0
0
0
0
0
0
0
0
0
0
0
0
0
0
0
0
0
0
0
