35
41
37
34
38
41
41
35
35
35
29
23
29
35
35
29
37
43
43
43
43
49
43
37
32
32
23
23
28
34
34
34
40
46
46
46
46
46
41
35
35
29
23
23
29
29
29
23
34
44
44
44
50
50
44
44
44
44
34
23
23
29
23
18
18
18
23
28
33
37
42
41
46
50
55
60
58
64
67
69
69
69
64
67
70
70
71
67
69
71
65
67
72
71
63
58
61
63
60
56
63
63
63
62
67
71
69
72
78
72
78
84
90
90
85
89
82
78
72
77
71
65
60
61
67
64
71
69
69
63
57
51
54
47
51
56
50
55
60
71
82
92
96
109
109
109
119
119
120
120
121
123
123
123
124
124
125
125
124
124
123
121
121
121
121
123
123
123
123
123
124
125
125
125
124
123
123
123
123
119
113
105
105
103
102
100
97
95
92
95
98
103
99
98
97
96
96
96
96
95
93
93
93
93
93
93
93
85
77
77
77
69
61
55
55
55
55
63
72
74
74
82
90
90
84
78
72
67
65
58
53
47
50
50
50
60
69
78
72
72
79
85
82
88
93
90
86
83
89
95
93
93
93
95
93
93
93
93
93
93
93
93
93
93
95
96
96
96
95
93
92
91
90
85
82
79
81
81
82
75
68
61
54
60
55
47
48
39
41
51
50
62
74
75
86
99
100
113
102
90
99
99
99
99
99
99
99
99
100
102
93
82
70
58
51
40
30
21
23
26
28
34
39
43
43
47
47
48
49
48
49
47
46
44
43
43
44
44
42
42
37
43
51
57
65
70
78
86
97
98
102
95
85
78
74
68
58
49
40
41
43
43
49
51
49
51
51
51
51
50
54
61
58
65
72
71
72
82
91
91
91
90
92
89
85
90
95
91
88
93
93
93
93
93
93
93
93
93
93
97
96
99
91
83
75
67
58
50
54
44
40
39
41
43
46
54
62
65
57
62
63
56
57
57
58
54
47
55
63
60
60
60
60
61
64
60
57
55
53
58
64
71
78
77
72
76
79
81
82
75
68
60
55
56
57
54
63
64
65
75
82
90
93
92
93
99
92
85
78
71
67
61
56
60
61
62
63
64
65
67
68
75
82
88
93
99
102
96
90
84
78
67
55
43
43
43
47
58
64
70
76
83
90
90
84
77
71
67
67
67
72
71
71
77
83
78
72
65
60
60
48
42
35
29
18
18
18
20
22
16
16
27
33
41
49
53
56
57
55
60
71
72
69
67
69
71
78
81
86
82
74
65
67
64
57
55
56
50
44
44
41
37
34
30
27
23
16
16
16
16
22
27
32
32
32
32
27
37
46
46
40
35
30
30
30
30
30
20
12
16
27
27
27
27
27
37
48
53
53
48
37
43
43
49
55
49
42
39
40
41
42
37
44
43
42
40
37
37
37
36
47
44
36
42
48
54
62
69
68
78
77
89
98
96
90
86
81
72
72
72
68
65
68
62
62
63
65
72
80
74
