89
87
93
82
76
77
75
72
64
64
63
67
58
69
78
82
93
97
106
101
109
108
116
115
115
114
114
114
114
119
119
120
122
111
101
91
80
68
67
67
67
67
67
78
89
99
109
119
114
107
106
106
106
106
101
102
92
82
77
73
63
51
51
51
57
51
57
68
78
89
99
109
102
102
102
108
114
108
103
92
82
72
67
56
44
44
44
50
56
68
68
78
89
93
103
102
101
101
101
101
113
108
97
92
82
72
61
50
39
38
28
25
38
48
58
58
58
68
78
73
81
81
72
64
56
58
57
58
48
43
36
34
34
34
42
50
53
44
55
55
51
51
49
57
58
50
50
50
50
52
52
52
52
42
31
28
38
47
48
51
63
63
73
73
73
73
72
72
63
59
59
61
53
53
53
53
47
39
36
45
45
55
64
74
85
95
102
109
119
118
117
108
108
109
109
110
100
90
80
69
59
57
45
34
23
11
11
11
11
11
11
11
11
11
17
17
17
17
17
17
17
17
17
17
11
11
11
11
22
22
22
22
22
27
33
33
33
33
23
23
23
28
34
34
34
34
44
44
44
50
50
44
39
33
27
27
17
23
28
28
34
34
42
52
63
63
73
67
61
56
50
50
42
32
22
22
17
23
31
31
31
31
36
36
36
36
31
25
17
17
17
17
11
11
11
11
17
17
23
28
34
34
34
40
40
40
34
34
28
23
17
23
28
28
28
34
34
34
34
40
45
40
34
28
34
28
34
39
44
39
39
44
55
55
49
55
55
50
44
44
39
39
34
40
40
34
28
39
39
39
39
39
33
27
27
27
27
17
17
23
28
23
23
28
28
34
39
43
48
47
45
56
64
63
67
68
74
76
78
78
78
68
67
67
67
66
61
64
56
58
53
59
52
53
49
51
53
50
57
56
61
61
66
65
70
67
70
76
82
88
93
92
86
82
81
84
78
72
66
60
55
56
63
68
69
67
67
68
63
57
51
44
47
51
45
50
55
59
69
80
90
102
105
105
115
115
115
116
116
117
117
117
118
118
119
119
119
118
118
117
117
117
117
118
118
119
120
120
120
122
123
123
123
122
120
120
119
119
115
109
101
101
99
98
97
93
91
89
92
94
99
95
94
93
92
92
92
92
91
91
92
92
92
92
92
92
92
84
84
84
75
75
75
75
75
75
76
85
86
88
95
95
90
84
78
73
66
65
58
51
45
49
49
49
58
67
74
68
68
74
80
77
83
89
85
82
81
86
92
92
92
91
92
92
92
92
92
92
92
92
92
93
92
92
92
92
86
85
84
83
82
78
75
72
70
72
78
76
78
72
65
58
52
59
64
65
66
72
73
84
95
108
120
120
120
122
123
111
100
97
97
97
97
97
97
97
97
98
99
91
80
68
57
51
40
31
22
24
26
32
42
45
50
48
51
51
52
53
53
51
45
45
44
44
44
45
45
43
40
35
40
48
53
59
67
63
70
72
75
78
72
63
56
51
43
47
38
38
40
40
40
42
44
44
45
45
45
45
43
50
57
64
70
77
76
77
86
95
95
94
93
90
86
83
88
92
89
85
91
91
91
91
91
91
91
91
94
94
98
97
100
92
84
76
68
60
60
64
55
58
49
51
53
56
64
70
63
59
64
57
58
59
60
61
56
50
58
53
50
50
50
58
58
63
59
57
55
61
67
73
80
78
77
72
75
78
77
77
70
64
61
58
58
58
58
67
70
72
81
88
90
91
91
93
95
89
82
75
68
64
58
55
58
59
60
61
63
64
65
72
78
85
91
97
102
97
91
85
80
68
57
45
34
34
34
45
57
63
68
74
81
86
93
88
81
76
70
70
76
70
70
72
70
65
60
53
48
42
36
36
30
23
17
17
17
19
22
24
18
18
25
25
25
32
35
36
38
41
45
57
61
64
69
73
76
84
86
81
80
72
64
65
63
56
52
44
44
44
41
38
34
31
27
24
25
26
20
20
26
26
31
35
35
35
31
26
34
44
39
39
34
30
30
30
40
40
32
22
22
32
32
32
32
32
32
42
47
47
47
36
42
42
51
56
50
43
40
41
42
43
44
49
44
43
41
39
39
39
39
49
41
35
41
48
53
60
67
67
76
75
86
95
93
89
83
80
72
70
66
61
59
56
50
50
53
53
58
58
63
68
72
78
88
93
99
106
112
124
125
125
125
125
125
125
125
125
125
119
119
119
119
111
111
111
108
108
108
114
114
110
110
118
118
118
122
122
122
122
122
125
125
122
122
122
122
122
119
114
108
102
97
94
89
83
77
72
63
63
63
67
72
76
81
85
90
94
105
109
114
114
114
114
114
114
114
115
115
115
115
115
115
115
108
101
94
94
94
94
94
93
92
91
98
106
110
107
105
102
100
99
98
97
94
91
91
91
91
91
91
94
98
98
98
98
97
97
97
97
97
93
90
90
90
90
91
91
91
91
91
91
91
91
91
85
88
88
87
88
88
88
88
88
88
93
94
98
101
105
108
111
115
115
115
115
115
115
111
108
105
105
101
101
101
105
102
98
99
99
99
95
95
95
95
86
85
81
74
73
70
68
64
58
61
61
65
74
81
73
70
65
65
63
51
49
40
31
24
27
24
32
28
31
39
50
59
68
76
84
89
91
99
108
107
105
102
99
97
94
98
88
80
68
61
55
50
44
47
41
35
38
40
42
47
48
47
48
49
50
51
52
61
70
69
69
69
69
61
61
61
69
69
61
61
61
61
60
60
59
58
57
56
55
53
52
51
59
66
74
82
82
82
91
100
109
118
119
120
122
123
124
123
119
116
113
109
106
102
99
90
81
74
68
63
57
56
53
57
60
69
73
82
89
89
98
99
101
90
78
67
69
67
66
64
52
44
36
44
52
55
49
42
36
39
41
43
45
40
41
42
43
52
61
63
64
65
66
67
69
69
69
61
53
61
61
61
61
61
58
64
62
61
60
51
50
49
48
47
41
34
34
34
34
34
34
34
43
52
61
70
80
83
92
92
95
105
105
93
81
69
58
52
41
44
44
39
33
39
45
51
63
74
85
85
85
84
78
73
67
61
50
39
27
22
16
23
34
45
57
68
74
80
91
91
91
80
68
57
53
42
36
33
24
26
28
31
33
33
25
25
25
23
20
18
16
14
14
16
18
28
31
33
35
38
40
43
44
45
47
40
41
41
41
41
41
40
39
38
36
35
35
36
38
39
40
41
42
43
52
61
69
77
85
93
101
109
117
125
125
125
125
119
114
114
114
105
105
99
99
99
99
105
99
88
76
85
74
68
68
59
50
41
43
45
48
39
41
52
44
45
47
48
49
58
58
58
61
52
55
57
59
61
61
53
55
56
53
55
52
50
47
47
49
51
50
52
55
53
52
57
63
65
63
60
60
57
53
57
60
55
49
43
42
42
43
49
55
57
55
57
59
60
60
59
58
51
44
41
42
42
40
39
38
36
34
39
42
42
41
38
38
35
34
33
38
36
33
31
28
28
26
27
28
27
30
35
42
49
57
66
77
85
92
93
94
92
95
85
75
64
61
61
62
72
72
65
52
52
57
65
63
59
56
52
47
49
55
61
64
63
63
61
58
56
57
61
57
51
50
50
49
50
53
56
57
49
51
53
51
49
48
42
40
40
47
58
61
70
68
65
60
72
80
74
68
67
67
61
67
75
83
72
60
66
66
61
61
61
56
48
45
45
51
51
51
51
51
45
51
57
57
63
63
63
57
57
51
57
57
57
57
57
51
45
45
40
45
45
48
48
48
48
53
59
65
70
65
59
57
51
45
45
45
41
36
31
31
31
25
25
25
19
19
18
17
17
23
28
28
34
34
34
28
34
40
40
34
28
36
39
39
47
47
41
35
43
52
52
44
41
41
33
33
34
35
34
36
42
48
55
66
77
89
99
109
114
114
119
125
125
125
125
125
125
124
124
115
115
115
115
115
115
115
115
115
111
117
106
102
91
80
80
68
57
45
40
38
38
32
42
52
40
42
52
65
74
80
91
100
101
99
108
114
111
108
105
101
98
94
91
85
80
80
80
82
85
89
91
93
95
105
113
115
117
109
108
107
107
107
107
106
98
98
98
106
106
106
106
106
105
101
107
107
107
107
107
107
107
107
108
110
113
113
108
105
100
95
91
91
91
86
81
70
75
78
83
88
92
92
92
98
105
116
117
118
119
118
117
118
119
117
115
111
108
105
101
100
93
93
93
93
92
92
92
92
92
94
100
98
94
94
95
99
99
99
99
97
97
95
97
97
99
99
102
106
107
110
110
110
109
109
106
102
99
97
97
94
94
94
94
94
94
94
95
94
93
92
93
93
93
93
93
93
95
95
95
95
94
94
94
94
94
94
91
91
91
91
91
91
91
91
91
94
98
98
99
99
99
99
99
99
99
94
90
90
91
91
94
98
101
105
106
110
112
114
113
113
113
109
106
102
101
99
99
98
91
91
84
81
77
74
66
57
48
45
49
47
48
44
47
50
59
66
75
78
81
81
81
85
81
74
65
58
49
40
32
27
23
18
18
19
22
24
26
28
31
32
33
34
34
34
34
34
34
34
34
34
34
34
34
34
34
34
34
34
33
31
28
26
24
22
19
17
15
12
11
10
10
10
9
8
8
8
8
8
8
9
8
19
32
44
56
67
78
90
101
113
125
125
125
113
100
88
88
88
88
86
86
86
86
86
99
111
110
109
108
109
109
97
84
97
84
72
72
73
74
74
74
86
99
98
109
120
122
122
122
122
122
120
120
120
122
110
98
85
85
85
85
86
85
85
85
98
110
123
123
123
123
123
124
125
125
125
125
114
113
113
100
89
77
66
55
43
32
32
22
10
11
11
13
15
17
18
19
20
22
23
23
23
22
19
18
18
18
18
19
20
23
25
27
30
31
32
33
34
34
34
34
34
34
34
34
34
34
34
34
35
36
38
39
39
39
39
39
38
36
33
31
30
28
28
30
31
32
35
39
43
47
50
53
57
58
59
60
60
60
61
63
63
57
57
58
58
58
59
60
60
60
60
66
66
66
67
68
68
68
68
68
68
68
68
68
68
68
68
68
68
68
68
68
68
68
68
68
68
68
68
68
68
68
68
68
68
67
67
67
67
67
67
67
67
67
67
68
73
67
61
61
61
61
61
66
66
66
61
67
73
73
73
74
75
70
70
75
75
69
69
68
69
68
68
68
69
66
70
80
82
88
89
89
90
92
93
85
83
82
82
76
73
76
76
73
69
69
61
52
48
43
41
33
27
25
23
26
28
31
26
25
23
20
17
20
25
30
39
36
39
41
42
44
45
41
35
30
23
33
34
44
55
65
76
78
80
83
90
85
88
75
75
74
74
69
69
76
67
66
65
70
67
65
61
73
81
80
88
94
101
107
109
111
114
108
102
98
98
98
98
98
98
98
92
91
90
86
77
69
62
56
49
41
40
40
39
47
56
64
70
77
84
91
90
88
95
86
77
69
61
53
44
38
38
40
33
35
38
39
40
41
43
47
49
49
49
56
57
64
64
63
64
65
60
57
61
51
45
35
32
30
34
30
32
34
28
31
33
34
35
38
31
31
31
30
36
42
50
58
66
72
78
84
90
97
95
95
94
92
92
93
93
94
95
97
97
98
99
101
101
100
100
100
99
99
99
99
98
98
98
98
98
97
98
