0
0
0
20
0
0
0
31
0
0
0
29
0
0
0
33
0
0
0
37
0
0
0
32
0
0
0
24
0
0
0
18
0
0
0
14
0
0
0
11
0
0
0
9
0
0
0
7
0
0
0
5
0
0
0
4
0
0
0
3
0
0
0
2
0
0
0
2
0
0
0
1
0
0
0
0
0
0
0
0
0
0
0
0
0
0
0
0
0
0
0
0
0
0
0
7
0
0
0
25
0
0
0
37
0
0
0
33
0
0
0
38
0
0
0
41
0
0
0
35
0
0
0
26
0
0
0
20
0
0
0
15
0
0
0
12
0
0
0
10
0
0
0
8
0
0
0
5
0
0
0
4
0
0
0
3
0
0
0
2
0
0
0
2
0
0
0
1
0
0
0
0
0
0
0
0
0
0
0
0
0
0
0
0
0
0
0
1
0
0
0
19
0
0
0
30
0
0
0
30
0
0
0
32
0
0
0
37
0
0
0
33
0
0
1
24
0
0
19
19
0
0
34
14
0
0
38
11
0
0
36
9
0
0
28
7
0
0
22
5
0
0
18
4
0
0
15
3
0
0
16
2
0
0
14
2
0
0
13
1
0
0
11
0
0
0
9
0
0
0
8
0
0
0
6
32
0
0
7
58
0
0
32
66
0
0
49
63
0
0
45
74
0
0
38
72
0
0
31
53
0
0
40
42
0
0
75
32
0
0
113
25
0
0
110
20
0
0
99
15
0
0
75
12
0
0
64
9
0
0
56
7
0
0
47
5
0
0
50
4
0
0
46
3
0
0
37
1
0
0
32
0
0
0
30
0
0
0
25
0
0
0
20
0
0
0
31
0
22
9
85
1
54
91
125
58
79
125
100
100
82
81
82
107
85
12
78
107
87
2
66
125
76
0
57
120
47
0
50
86
19
0
44
68
10
0
37
51
4
0
35
40
2
0
33
32
1
0
30
25
0
0
27
19
0
0
26
14
0
0
25
13
0
0
19
24
0
0
15
30
0
0
17
26
0
0
15
27
0
0
9
29
0
0
3
25
0
0
1
18
0
0
0
14
0
0
0
11
0
0
0
8
0
0
0
7
0
0
0
5
0
0
0
4
0
0
0
3
0
0
0
2
0
0
0
2
0
0
1
1
0
0
27
1
0
0
54
0
0
0
74
0
0
0
66
0
0
0
52
0
0
0
41
0
0
0
32
0
0
0
27
0
0
0
28
0
0
0
26
0
0
0
23
0
0
0
18
0
0
0
17
0
0
0
14
0
21
13
11
0
64
69
12
1
110
86
51
44
123
49
81
75
122
7
87
80
125
1
74
80
113
0
57
94
77
0
52
90
40
0
44
65
17
0
37
51
9
0
32
38
4
0
29
30
2
0
25
24
0
0
24
19
0
0
24
14
0
0
20
11
0
0
20
8
0
0
20
6
0
0
17
5
0
0
13
6
0
0
13
18
0
0
12
25
0
0
9
23
0
0
4
27
0
0
1
29
0
0
0
25
0
0
0
18
0
0
0
14
0
0
0
11
0
0
0
8
0
0
0
7
0
0
8
5
0
0
36
4
0
0
65
3
0
0
66
2
0
0
59
2
0
0
44
1
0
0
37
1
0
0
31
0
0
0
27
0
0
0
28
0
0
0
25
0
0
0
20
0
0
0
18
0
0
0
16
0
14
0
13
0
56
0
11
0
103
6
19
40
120
53
60
79
121
72
89
95
121
46
71
88
124
7
59
103
88
1
56
102
46
0
47
77
18
0
40
60
10
0
36
46
5
0
31
35
2
0
27
29
1
0
25
22
0
0
24
17
0
0
21
13
0
0
19
10
0
0
18
7
0
0
18
6
0
0
14
4
0
0
11
2
0
0
12
4
0
0
11
18
0
0
7
26
0
0
2
23
0
0
1
27
0
0
0
30
0
0
0
25
0
0
0
19
0
0
0
14
0
0
0
11
0
0
0
9
0
0
0
7
0
0
0
5
0
0
0
4
0
0
0
3
0
0
0
2
0
0
0
2
0
0
0
1
0
0
0
1
0
0
0
0
0
0
0
3
0
0
0
13
0
0
0
19
0
0
0
17
0
0
0
20
0
0
0
22
0
0
0
18
0
0
0
14
0
0
0
10
0
0
0
8
0
0
0
6
0
0
0
10
0
0
0
15
0
0
0
17
0
0
0
15
0
0
0
17
0
0
0
16
0
0
0
12
0
0
0
9
0
0
0
7
0
0
0
5
0
0
0
4
0
0
0
3
0
0
0
3
0
0
0
2
0
0
0
1
0
0
0
1
0
0
0
1
0
0
0
1
0
0
0
0
0
0
0
0
0
0
0
0
0
0
0
0
0
0
0
0
0
0
0
0
0
0
0
0
0
0
0
0
0
0
19
0
0
0
41
0
0
0
68
0
0
0
63
0
0
0
56
0
0
0
40
0
0
0
33
0
0
0
29
0
0
0
26
0
0
0
27
0
0
0
24
0
0
0
19
0
0
0
18
0
0
0
15
0
0
0
12
0
14
0
12
0
43
0
32
0
77
13
64
17
85
54
90
65
85
63
70
93
86
35
58
83
81
5
52
97
56
1
45
105
30
0
41
88
12
0
34
65
6
0
30
50
3
0
26
38
1
0
26
30
0
0
24
24
0
0
21
19
0
0
19
14
0
0
19
11
0
0
17
8
0
0
12
6
0
0
10
4
0
0
12
2
0
0
9
1
0
0
5
0
0
0
2
13
0
0
1
23
0
0
0
27
0
0
0
25
0
0
0
30
0
0
0
29
0
0
0
21
0
0
0
17
0
0
0
13
0
0
0
10
0
0
0
8
0
0
0
17
0
0
0
26
0
0
0
28
0
0
0
26
0
0
0
29
0
0
0
28
0
0
0
21
0
0
0
16
0
0
0
12
0
0
0
9
0
0
0
7
0
0
0
6
0
0
0
4
0
0
0
3
0
0
3
5
0
0
13
20
0
0
24
29
0
0
24
27
0
0
22
30
0
0
16
33
0
0
13
29
0
0
11
21
0
0
10
16
0
0
10
12
0
0
9
10
0
0
7
8
0
0
7
6
0
0
6
5
0
0
5
3
0
0
4
3
0
0
7
2
0
0
22
1
0
0
32
1
0
0
26
0
0
0
21
0
0
0
20
0
0
0
17
0
0
0
15
0
0
0
13
0
0
0
11
0
0
0
10
0
0
0
9
0
0
0
9
1
0
0
8
20
0
0
8
33
0
0
29
33
0
0
48
35
0
0
58
41
0
0
54
38
0
0
43
27
0
0
34
21
0
0
26
16
0
0
21
12
0
0
21
10
0
0
19
8
0
0
18
6
0
0
14
4
0
0
13
3
0
0
10
2
0
0
8
2
0
0
9
1
1
0
40
1
12
19
63
26
27
39
67
48
34
34
55
54
36
8
42
52
36
1
40
60
35
0
32
59
29
0
28
44
17
0
24
34
7
0
22
26
4
0
19
20
2
0
18
30
1
0
18
38
0
0
14
39
0
0
15
35
0
0
14
37
0
0
12
35
0
0
10
26
0
0
10
20
0
0
9
15
0
0
7
11
0
0
3
9
0
0
1
7
0
0
0
5
0
0
0
4
0
0
0
3
0
0
0
2
0
0
0
2
0
0
0
1
0
0
0
1
0
0
0
0
0
0
0
3
0
0
0
14
0
0
0
21
0
0
0
19
0
0
0
22
0
0
0
24
0
0
0
20
0
0
0
15
0
0
0
11
0
0
0
9
0
0
0
7
0
0
0
6
0
0
0
5
0
0
0
21
0
0
0
34
0
0
0
38
0
0
0
36
0
0
0
42
0
0
0
40
0
0
0
29
0
0
0
23
0
0
0
17
0
0
0
13
0
0
0
11
0
0
0
8
0
0
0
6
0
0
0
5
0
0
0
4
0
0
0
3
0
0
0
2
0
0
0
1
0
0
0
1
0
0
0
0
0
0
0
0
0
0
0
18
0
0
0
39
0
0
0
50
0
0
0
44
0
0
0
52
0
0
0
53
0
0
0
41
0
0
0
31
0
0
0
24
0
0
0
19
0
0
0
15
0
0
0
12
0
0
1
9
0
0
35
7
0
0
63
15
0
0
76
32
0
0
71
43
0
1
56
37
0
16
43
42
0
24
35
43
0
18
31
35
0
3
32
26
0
1
28
20
0
0
25
15
0
0
20
12
0
0
19
10
0
0
15
8
0
0
11
6
1
0
14
5
16
1
60
36
34
25
93
55
46
36
94
54
48
27
80
56
48
5
61
64
47
1
57
58
40
0
48
42
24
0
41
33
10
0
36
25
5
0
32
19
3
0
28
16
1
0
27
12
0
0
26
15
0
0
20
22
0
0
21
26
0
0
21
22
0
0
18
24
0
0
14
24
0
0
15
19
0
0
14
13
0
0
10
10
0
0
4
8
0
0
1
6
0
0
0
5
0
0
0
4
0
0
0
3
0
0
0
2
0
0
0
2
0
0
0
1
0
0
0
1
0
0
0
0
0
0
8
0
0
0
30
0
0
0
54
0
0
0
53
0
0
0
48
0
7
5
35
0
21
29
29
0
33
36
25
1
38
21
21
31
37
3
23
55
39
0
20
60
34
0
16
59
23
0
15
69
11
0
13
66
5
0
10
48
13
0
9
38
28
10
20
29
39
36
49
22
40
42
72
22
42
21
57
35
43
3
48
42
37
1
46
36
23
0
57
39
9
0
73
40
5
0
88
34
2
0
79
25
1
0
65
19
1
0
54
14
0
0
46
10
0
0
41
9
0
0
37
7
0
0
36
5
0
0
34
4
0
0
26
3
0
0
24
2
0
0
22
2
0
0
17
1
0
0
15
0
8
2
38
10
28
27
61
42
51
38
76
61
58
25
59
56
58
4
48
64
58
1
42
70
57
0
37
59
40
0
53
44
21
0
69
33
8
0
84
26
5
0
73
20
2
0
63
16
1
0
53
13
0
0
43
9
0
0
38
7
0
0
39
5
0
0
35
4
0
0
30
3
0
0
24
2
0
0
24
1
0
0
19
0
1
0
13
0
29
0
11
0
67
1
40
0
98
45
65
17
101
77
72
53
104
61
60
75
105
13
46
66
92
2
41
78
57
0
37
82
22
0
30
68
12
0
26
50
5
0
23
38
3
0
21
30
1
0
20
24
0
0
19
20
0
0
16
34
0
0
16
41
0
0
16
39
0
0
13
38
0
0
11
42
0
0
10
37
0
0
10
26
0
0
7
20
0
0
3
15
0
0
1
11
0
0
0
9
0
0
0
7
0
0
0
5
0
0
0
4
0
0
0
3
0
0
0
15
0
0
0
23
0
0
0
23
0
0
0
23
0
0
0
26
0
0
6
24
0
0
11
18
0
0
17
14
0
0
16
10
0
0
13
8
0
0
10
7
0
0
8
5
0
0
7
4
0
0
6
3
0
0
6
2
0
0
6
2
0
0
5
1
0
0
4
1
0
0
4
12
0
0
3
23
0
0
3
28
0
0
10
26
0
0
17
30
0
0
22
30
0
0
17
23
0
0
14
18
0
0
12
13
0
0
11
10
0
0
9
8
0
0
11
7
0
0
19
5
0
0
27
4
0
0
26
3
0
0
24
2
0
0
18
2
0
0
15
1
0
0
14
1
0
0
12
8
0
0
12
20
0
0
10
28
0
0
9
24
0
0
8
29
0
0
6
30
0
0
4
24
0
0
4
18
0
0
8
14
0
0
19
11
0
0
28
9
0
0
22
7
0
0
18
5
0
0
17
4
0
0
14
11
0
0
13
25
0
0
11
34
0
0
10
29
0
0
8
34
0
0
8
35
0
0
7
29
0
0
7
21
0
0
6
16
0
0
6
13
0
0
5
10
0
0
4
8
0
0
3
6
