63
67
57
53
47
55
50
59
69
73
73
74
84
91
94
84
82
77
75
75
76
76
73
69
76
80
82
85
81
81
81
81
85
89
89
92
92
85
81
77
70
73
75
77
80
82
85
95
105
115
125
125
116
107
99
90
81
73
64
60
56
53
58
62
67
73
77
82
87
89
81
74
75
80
78
73
78
79
81
79
85
84
74
60
54
50
36
37
26
19
13
23
23
23
23
23
23
11
11
11
10
0
12
21
21
21
21
21
21
21
21
21
9
1
2
4
13
24
35
44
52
61
70
77
86
95
95
91
90
91
84
85
86
85
82
84
76
79
70
61
70
63
54
56
60
59
67
67
76
87
87
90
94
89
82
77
77
80
82
82
85
92
90
88
84
80
71
60
49
38
26
15
14
12
12
12
12
12
12
13
13
13
12
12
21
30
39
47
56
65
74
74
74
74
65
56
48
39
30
21
12
12
12
12
15
17
20
22
25
28
30
32
35
38
37
38
38
38
38
38
37
38
38
38
37
40
42
45
48
50
52
55
58
60
62
62
62
63
62
62
62
63
62
62
62
62
62
63
62
62
62
63
62
62
62
62
62
63
62
62
62
63
62
62
62
62
62
66
70
74
77
81
85
89
92
96
100
100
100
100
100
100
100
100
100
100
90
80
70
60
50
40
30
20
10
0
0
0
0
0
0
0
0
0
0
0
0
1
2
4
5
6
7
9
10
11
12
12
12
12
13
13
13
12
12
12
12
12
19
25
31
38
44
50
56
62
69
75
75
75
75
75
75
75
75
75
75
75
75
75
75
75
75
75
75
80
85
90
95
95
95
95
95
95
95
90
90
90
90
84
78
71
65
59
52
46
35
24
12
12
12
12
12
12
13
13
13
12
12
12
19
25
31
38
44
50
56
63
69
75
75
75
75
75
75
75
75
75
75
75
75
74
73
71
70
69
68
66
65
64
62
62
62
62
63
62
64
65
66
67
69
70
71
73
74
75
75
75
75
75
75
75
75
75
75
75
75
75
75
75
75
71
68
64
60
56
52
49
45
41
38
38
38
38
37
38
38
38
38
38
34
30
32
35
37
40
42
45
47
50
56
63
62
62
62
56
50
44
37
31
25
19
14
9
4
5
6
7
9
10
11
12
12
12
12
12
12
13
13
13
12
12
12
12
12
21
30
39
48
56
65
74
82
91
100
100
100
100
100
100
100
100
100
94
88
81
75
69
62
56
50
44
37
38
38
38
38
38
37
38
38
38
37
38
40
42
45
48
50
52
55
58
60
62
62
63
62
62
62
63
62
62
62
62
62
63
62
62
62
63
62
62
62
62
62
63
62
62
62
63
62
62
62
62
62
63
66
70
74
77
81
85
89
92
96
100
100
100
100
100
100
100
100
100
100
90
80
70
60
50
40
30
20
10
0
0
0
0
0
0
0
0
0
0
0
0
1
2
4
5
6
8
9
10
11
12
12
12
13
13
13
12
12
12
12
12
13
19
25
31
38
44
50
56
63
69
75
75
75
75
75
75
75
75
75
75
75
75
75
75
75
75
80
85
90
95
100
105
110
115
120
125
120
120
120
120
120
120
109
98
86
75
69
58
46
35
24
12
12
12
12
12
13
13
13
12
12
12
12
19
25
31
38
44
50
56
63
69
75
75
75
75
75
75
75
75
75
75
75
75
74
73
71
70
69
67
66
65
64
62
64
65
66
67
69
70
71
73
74
75
75
75
75
75
75
75
75
75
75
75
75
75
75
75
75
75
75
75
75
75
71
68
64
60
52
45
37
30
23
19
19
19
19
19
23
23
23
23
23
19
21
24
26
29
31
37
44
50
56
63
62
62
62
63
62
62
62
62
62
63
56
51
46
41
36
31
26
21
16
11
12
12
12
12
12
13
13
13
12
12
12
12
21
30
39
48
56
65
74
82
91
100
100
100
100
100
100
100
100
100
100
100
94
87
81
75
69
62
56
50
44
38
38
38
38
38
37
38
38
38
37
38
38
40
43
45
47
50
52
55
57
60
62
63
62
62
62
63
62
62
62
62
62
63
62
62
62
63
62
62
62
62
62
63
62
62
62
63
62
62
62
62
62
63
66
70
74
77
81
85
89
92
96
100
100
100
100
100
100
100
100
100
100
100
90
80
70
60
50
40
30
20
10
0
0
0
0
0
0
0
0
0
0
0
1
2
4
5
6
8
9
10
11
12
12
12
13
13
13
12
12
12
12
12
13
19
25
31
38
44
50
56
63
69
75
75
75
75
75
75
75
75
75
75
75
75
75
80
85
90
95
100
105
110
115
120
125
125
125
125
125
125
125
125
125
125
114
103
91
80
69
58
46
35
24
12
12
12
12
12
13
13
13
12
12
12
12
19
25
31
38
44
50
56
63
69
75
75
75
75
75
75
75
75
75
75
75
75
74
73
71
70
69
67
66
65
64
62
62
64
65
66
67
69
70
71
73
74
75
75
75
75
75
75
75
75
75
75
75
75
75
75
75
75
75
75
75
75
71
68
64
60
56
52
45
38
34
30
30
30
30
30
30
30
34
38
34
30
26
29
31
34
36
39
41
44
50
56
63
62
62
62
63
62
62
62
62
62
63
56
51
46
41
36
31
26
21
16
11
12
12
12
12
12
13
13
13
12
12
12
12
21
30
39
48
56
65
74
82
91
100
100
100
100
100
100
100
100
100
100
100
94
87
81
75
69
62
56
50
44
38
38
38
38
37
38
38
38
37
38
38
38
40
42
45
47
50
52
55
58
60
63
62
62
62
63
62
62
62
62
62
63
62
62
62
63
62
62
62
62
62
63
62
62
62
58
52
47
42
37
32
27
22
26
30
39
47
56
65
74
82
91
100
100
100
100
100
100
100
100
100
100
100
100
100
100
100
100
100
100
100
100
100
90
80
70
60
50
40
30
20
10
0
1
2
4
5
6
8
9
10
11
12
12
13
13
19
25
31
38
49
60
63
65
68
70
66
63
63
63
58
53
56
60
64
68
71
75
75
75
75
75
75
75
75
80
85
90
95
100
105
110
115
120
125
125
125
125
125
125
125
125
125
125
125
125
114
103
91
80
69
57
46
35
24
12
12
12
13
13
13
12
12
12
12
12
19
25
31
38
44
50
56
63
69
75
75
75
75
75
75
75
75
75
75
75
74
73
71
70
69
67
66
65
64
62
62
62
62
63
62
62
62
63
62
62
62
64
65
66
67
69
70
71
73
74
75
75
75
75
75
75
75
75
75
75
75
68
60
52
45
38
30
23
15
8
0
0
0
0
0
0
0
0
0
0
0
0
6
12
19
25
31
37
44
50
56
62
62
62
63
62
62
62
62
62
63
62
62
58
52
47
42
38
32
27
22
17
12
12
12
12
13
13
13
12
12
12
12
12
13
13
12
21
30
39
47
56
65
74
82
91
100
100
100
100
100
100
100
94
87
81
75
69
62
56
50
44
38
38
38
38
38
37
38
38
38
37
38
38
40
43
45
47
50
52
55
58
60
63
62
62
62
63
62
62
62
62
62
63
62
58
52
47
42
38
32
27
23
17
12
12
12
12
12
13
13
13
12
12
12
15
17
20
23
25
27
30
32
35
38
38
38
38
38
38
37
38
38
38
37
38
40
42
45
48
50
52
55
58
60
62
62
62
62
62
63
62
62
62
63
62
64
65
66
67
69
70
71
73
74
75
75
75
75
75
75
75
68
60
52
49
45
41
44
46
49
51
61
71
81
88
94
100
100
100
100
100
100
100
100
100
100
100
94
88
81
75
69
63
56
50
44
37
38
38
38
37
38
38
38
38
38
37
38
35
32
30
27
25
23
20
17
15
12
12
13
13
13
12
12
12
12
12
12
15
17
20
23
25
28
30
32
35
37
38
38
38
38
38
37
38
38
38
37
44
50
56
63
69
75
81
88
94
100
100
100
100
100
100
100
100
100
100
94
87
81
75
69
62
56
50
44
38
38
38
38
41
45
49
52
52
52
56
60
64
67
68
68
68
68
68
68
64
60
56
52
49
45
41
40
42
45
48
50
52
55
58
60
62
62
62
62
62
60
58
55
52
50
48
45
43
40
38
37
38
38
38
35
32
30
28
25
23
20
17
21
19
25
25
25
31
31
38
44
44
44
50
44
44
44
38
38
31
25
25
19
13
13
13
12
12
12
12
12
12
12
13
19
25
31
38
44
50
56
62
69
75
75
75
75
75
75
75
75
75
75
75
75
69
63
56
50
44
38
31
25
19
12
12
12
12
12
12
13
13
13
12
12
12
19
25
31
38
44
50
56
63
69
75
75
75
75
75
75
75
75
75
75
75
75
69
63
56
50
44
38
31
25
19
12
17
23
23
23
23
23
23
23
23
23
24
25
31
38
44
50
56
62
69
75
75
75
75
75
71
68
64
60
56
53
49
42
36
32
32
32
32
30
27
25
23
23
23
20
17
15
12
13
13
12
12
12
12
12
21
30
30
30
30
30
30
30
30
30
21
12
13
13
13
21
30
30
30
30
30
30
30
30
30
21
12
12
12
12
12
12
13
13
13
12
12
12
19
25
31
38
44
50
56
63
69
75
75
75
75
75
75
75
75
75
75
75
75
77
80
83
85
88
90
92
95
97
100
100
100
100
100
100
100
100
100
100
100
91
82
74
65
56
47
39
30
21
13
12
12
19
25
31
37
44
44
44
44
44
44
37
31
31
31
31
38
44
50
56
63
69
75
75
75
75
75
75
75
75
71
64
60
56
52
49
45
41
37
34
34
38
38
38
38
38
38
37
38
38
38
37
38
38
38
38
38
37
38
38
38
37
38
38
38
38
38
37
38
38
38
36
35
34
33
31
30
29
27
26
25
25
25
25
25
25
25
25
25
25
25
35
39
43
46
50
54
58
61
65
69
62
62
62
63
62
62
62
63
62
62
62
62
59
55
51
47
44
40
36
32
29
25
25
25
25
25
25
25
25
25
25
25
29
32
36
40
44
47
51
55
59
62
62
62
63
62
62
62
62
62
63
62
62
59
55
51
47
44
40
36
32
29
25
25
35
45
55
65
75
85
95
105
115
119
112
106
100
94
87
81
75
69
62
62
62
62
62
63
62
62
62
63
62
62
67
72
77
82
88
92
97
103
107
112
112
112
112
113
112
112
112
113
107
103
104
99
94
89
84
79
74
69
69
69
62
62
62
63
62
62
62
62
62
63
62
62
62
63
62
62
62
62
62
63
62
60
58
55
53
50
48
47
47
45
42
42
42
42
43
43
43
40
38
37
38
38
38
37
38
38
38
38
38
37
38
38
40
42
45
48
50
52
55
58
60
62
62
62
62
62
63
62
62
62
63
62
62
62
62
62
63
62
62
62
63
62
62
62
62
62
63
62
62
62
63
62
62
62
67
73
78
82
88
92
97
103
107
113
112
112
112
113
107
103
97
92
88
82
77
73
67
63
62
62
62
62
62
63
62
62
62
63
62
62
62
62
62
63
62
62
62
63
62
62
62
62
62
63
62
62
62
62
62
62
69
75
81
88
94
100
106
112
119
125
125
125
125
125
125
119
112
106
100
94
88
81
75
69
63
59
55
51
47
44
40
36
32
29
25
25
25
25
25
25
25
25
25
25
25
29
32
36
40
44
47
51
55
59
62
62
62
63
62
62
62
63
62
62
62
62
59
55
51
47
44
40
36
32
29
25
25
25
25
25
25
25
25
25
25
25
29
32
36
40
44
47
51
55
59
62
62
62
63
62
62
62
62
62
63
62
62
62
59
55
51
51
51
47
47
47
47
47
51
55
59
59
59
62
63
69
75
75
75
75
75
75
75
75
75
69
62
62
62
62
62
63
62
62
62
63
62
62
67
72
77
82
88
92
97
103
107
112
112
112
112
113
112
112
112
113
112
112
107
96
85
74
69
64
59
47
36
25
25
31
37
44
44
44
44
50
56
62
63
56
50
44
37
31
25
19
12
6
0
0
0
0
0
0
0
12
25
37
50
62
66
70
74
78
81
73
64
55
46
38
38
38
37
38
38
38
38
38
37
38
38
44
50
56
63
69
75
81
87
94
100
100
100
100
100
100
100
100
100
100
100
94
87
81
75
69
62
56
50
44
38
38
38
38
37
38
38
38
37
38
38
38
36
42
49
55
61
67
74
80
86
92
100
100
100
100
100
100
100
100
100
100
90
80
70
60
50
40
30
20
10
0
0
0
0
0
10
20
30
40
50
60
63
65
68
74
70
66
59
51
47
44
47
51
55
55
55
55
59
62
62
62
63
62
62
62
62
62
63
62
62
62
63
62
62
62
59
55
51
54
56
59
65
71
77
75
76
77
79
74
69
64
55
46
38
38
38
38
37
38
38
38
38
38
38
42
48
53
58
62
67
73
77
82
87
88
88
88
88
88
87
87
87
87
87
91
95
99
103
106
110
114
117
121
125
125
125
125
125
125
125
125
125
125
125
125
121
117
114
110
106
102
99
95
91
88
88
87
87
87
87
87
88
88
88
88
91
95
99
94
89
84
87
91
95
99
90
81
73
73
73
73
64
55
46
38
45
52
60
67
75
83
90
98
105
112
112
112
112
113
112
112
112
113
112
112
112
114
115
116
117
119
120
121
122
124
125
125
125
115
105
95
85
75
65
55
45
45
45
55
65
75
85
95
105
115
125
125
125
125
125
125
125
125
125
125
125
125
116
107
99
90
81
73
64
55
46
38
38
34
30
30
30
26
23
19
15
11
8
8
8
4
0
0
0
0
0
0
0
0
0
0
0
0
0
0
0
0
0
0
