62
66
57
53
47
54
50
58
68
72
72
73
83
90
93
83
82
77
74
74
75
75
72
68
75
79
82
84
80
82
82
82
85
89
89
93
93
85
82
77
69
73
75
78
80
83
85
95
105
115
125
125
116
108
99
90
82
73
64
61
57
52
57
62
67
72
77
82
87
88
80
82
83
88
87
82
87
88
89
87
93
83
73
59
52
48
35
36
26
20
14
24
24
24
24
24
24
12
12
12
11
1
14
22
22
22
22
22
22
21
21
21
9
1
2
4
12
24
32
41
50
58
67
75
84
93
93
89
90
92
84
85
87
84
82
83
75
78
69
61
69
62
53
56
59
58
67
67
75
87
87
89
93
88
82
77
77
79
82
82
84
92
89
87
83
79
71
59
48
37
26
15
14
12
12
12
12
12
12
12
12
12
12
12
21
30
38
47
56
64
73
73
73
73
64
56
47
38
30
21
12
12
12
12
15
17
20
22
25
27
30
32
35
37
37
37
37
37
37
37
37
37
37
37
37
40
42
45
47
50
52
54
57
59
62
62
62
62
62
62
62
62
62
62
62
62
62
62
62
62
62
62
62
62
62
62
62
62
62
62
62
62
62
62
62
62
62
66
69
73
77
80
84
88
92
95
99
99
99
99
99
99
99
99
99
99
89
79
69
59
50
40
30
20
10
0
0
0
0
0
0
0
0
0
0
0
0
1
2
4
5
6
7
9
10
11
12
12
12
12
12
12
12
12
12
12
12
12
19
25
31
37
43
50
56
62
68
74
74
74
74
74
74
74
74
74
74
74
74
74
74
74
74
74
74
79
84
89
94
94
94
94
94
94
94
89
89
89
89
83
77
71
64
58
52
46
35
24
12
12
12
12
12
12
12
12
12
12
12
19
25
31
37
43
50
56
62
68
74
74
74
74
74
74
74
74
74
74
74
74
73
72
71
69
68
67
66
64
63
62
62
62
62
62
62
63
64
66
67
68
69
71
72
73
74
74
74
74
74
74
74
74
74
74
74
74
74
74
74
74
74
71
67
63
59
56
52
48
45
41
37
37
37
37
37
37
37
37
37
33
30
26
28
31
33
36
38
41
43
50
56
62
62
62
62
56
50
43
37
31
25
19
14
9
4
5
6
7
9
10
11
12
12
12
12
12
12
12
12
12
12
12
12
12
12
21
30
38
47
56
64
73
82
90
99
99
99
99
99
99
99
99
99
93
87
80
74
68
62
56
50
43
37
37
37
37
37
37
37
37
37
37
37
37
40
42
45
47
50
52
54
57
59
62
62
62
62
62
62
62
62
62
62
62
62
62
62
62
62
62
62
62
62
62
62
62
62
62
62
62
62
62
62
62
62
66
69
73
77
80
84
88
92
95
99
99
99
99
99
99
99
99
99
99
99
89
79
69
59
50
40
30
20
10
0
0
0
0
0
0
0
0
0
0
0
0
1
2
4
5
6
7
9
10
11
12
12
12
12
12
12
12
12
12
12
12
19
25
31
37
43
50
56
62
68
74
74
74
74
74
74
74
74
74
74
74
74
74
74
74
74
79
84
89
94
99
104
109
114
119
124
124
124
124
124
124
124
113
101
90
79
68
57
46
35
24
12
12
12
12
12
12
12
12
12
12
12
12
19
25
31
37
43
50
56
62
68
74
74
74
74
74
74
74
74
74
74
74
74
73
72
71
69
68
67
66
64
63
62
63
64
66
67
68
69
71
72
73
74
74
74
74
74
74
74
74
74
74
74
74
74
74
74
74
74
74
74
74
74
67
63
59
56
52
45
37
30
22
15
19
19
19
19
19
22
22
25
28
32
31
