0
0
0
0
0
0
0
0
0
0
0
0
0
0
0
0
0
0
0
0
0
0
0
0
0
0
0
0
0
0
0
0
0
0
0
0
0
0
0
0
0
0
0
0
0
0
0
0
0
0
0
0
0
0
0
0
0
0
0
0
0
5
0
0
0
15
0
0
10
22
0
0
16
17
0
0
14
13
0
0
7
10
0
0
2
6
0
0
0
2
0
0
0
1
0
0
0
0
0
0
0
4
0
0
8
14
0
0
14
22
0
0
14
17
0
0
7
13
0
0
2
10
0
0
0
6
0
0
0
2
0
0
0
1
0
0
0
0
0
0
21
0
10
0
40
0
30
0
45
0
49
0
22
0
55
8
19
26
63
45
86
61
73
76
125
81
76
77
88
60
71
70
39
47
65
72
8
34
58
75
1
18
53
77
0
6
52
79
0
2
49
71
0
0
46
67
0
0
43
63
0
0
42
62
0
0
40
61
0
0
38
61
0
0
35
57
0
0
34
59
0
0
31
59
0
0
29
63
0
0
28
62
0
0
26
61
0
0
25
58
0
0
24
54
0
2
23
51
0
9
22
51
1
15
20
52
10
12
20
57
15
9
20
60
11
7
20
55
5
4
19
50
1
2
18
49
0
1
18
48
0
0
17
40
0
0
17
29
0
0
17
19
0
0
16
16
0
0
16
15
0
0
15
14
0
0
15
14
0
0
15
14
0
0
15
13
0
0
14
14
0
0
13
14
0
0
12
15
0
0
12
15
0
0
11
15
0
0
12
13
0
0
11
13
0
0
10
12
0
0
9
12
0
0
9
11
0
0
8
10
0
0
8
10
0
0
8
9
0
0
8
8
0
0
8
7
0
0
7
7
0
0
7
5
0
0
6
2
0
0
6
0
0
0
6
0
0
0
5
0
0
0
5
0
0
0
5
0
0
0
5
0
0
0
5
0
0
0
5
0
0
0
5
0
0
0
5
0
0
0
5
0
0
0
5
0
0
0
5
0
0
0
5
0
0
0
5
0
0
0
4
0
0
0
4
0
0
0
4
0
0
0
3
0
0
1
4
0
0
19
4
8
11
32
4
19
37
29
3
26
53
23
3
23
30
18
3
22
13
11
3
23
3
5
3
24
0
2
3
25
0
0
3
24
0
0
3
21
0
0
1
20
0
0
1
20
0
0
0
20
0
0
0
19
0
0
0
19
0
0
0
18
0
0
0
19
0
0
0
20
0
0
0
20
0
0
0
20
0
0
0
19
0
0
0
17
0
0
0
16
0
0
0
16
0
0
0
16
0
0
0
15
0
0
0
14
0
0
0
12
0
0
0
11
0
0
0
11
0
0
0
10
0
0
0
8
0
0
0
5
0
0
0
2
0
0
0
0
0
0
0
0
0
0
0
0
0
0
0
0
0
0
0
0
0
5
0
0
0
12
0
0
13
17
0
0
21
12
0
0
22
9
0
0
11
7
0
0
3
4
7
0
0
1
37
0
0
0
73
0
0
27
87
1
0
82
99
49
19
125
116
104
34
99
125
125
37
75
118
112
18
59
111
112
5
33
98
115
1
12
90
120
0
4
86
124
0
0
82
118
0
0
77
107
0
0
73
100
0
0
69
98
0
0
67
96
0
0
63
97
0
0
60
94
0
0
55
93
0
0
52
94
0
0
50
98
0
0
46
98
0
0
44
99
0
14
42
94
19
54
39
86
46
85
38
81
61
71
36
80
32
54
35
78
11
43
33
73
2
25
33
67
0
9
32
61
0
3
32
54
0
0
31
52
0
0
30
49
0
0
29
40
0
0
28
23
0
0
29
8
0
0
27
2
0
0
26
5
0
0
25
19
0
0
24
31
0
0
24
30
0
0
24
27
0
0
23
28
0
0
21
29
10
10
21
30
16
18
19
31
16
17
19
28
7
14
19
26
2
11
19
25
0
7
17
24
0
3
16
24
0
1
15
23
0
0
14
22
0
0
14
23
0
0
13
23
0
0
13
24
0
0
13
24
0
0
12
24
0
0
11
22
0
0
14
21
0
0
20
20
0
0
27
20
0
0
28
19
0
5
31
18
4
21
34
28
15
33
35
42
23
27
33
48
14
21
32
44
6
17
29
42
1
10
27
40
0
4
26
37
0
1
25
35
0
0
24
33
0
0
23
30
0
0
22
28
0
0
21
27
0
0
20
27
0
0
18
27
0
0
18
26
0
0
17
26
0
0
16
26
0
0
16
28
0
0
15
28
0
0
14
28
0
0
14
26
0
0
13
24
0
0
13
23
0
0
13
22
0
0
12
22
0
0
12
20
0
0
10
19
0
0
8
17
0
0
7
15
0
0
6
14
0
0
6
14
0
0
6
11
0
0
6
7
0
0
6
3
0
0
5
1
0
0
5
0
0
0
5
0
0
0
5
0
0
0
5
0
0
0
5
0
0
10
4
0
2
22
4
7
13
29
4
24
19
22
4
38
13
17
4
36
6
12
4
33
1
6
4
34
0
2
3
36
0
1
3
37
0
0
3
37
0
0
3
33
0
0
3
31
0
0
3
30
0
0
3
29
0
0
3
29
0
0
2
28
0
0
2
27
0
0
2
28
0
0
2
29
0
0
2
29
0
6
2
30
1
17
2
29
12
25
2
27
19
19
2
25
16
14
2
24
7
12
2
24
2
6
2
23
0
2
2
21
0
1
2
20
0
0
2
17
0
0
2
16
0
0
2
15
0
0
1
14
0
0
1
9
0
0
1
4
0
0
1
1
0
0
1
0
0
0
1
0
0
0
1
0
0
0
1
0
0
0
1
0
0
0
1
0
4
7
1
0
24
21
1
0
36
31
1
0
24
25
1
0
10
19
1
0
2
15
1
0
0
8
0
0
0
3
0
0
0
1
0
0
0
0
0
0
0
0
0
0
0
0
0
0
0
0
0
0
0
0
0
0
0
0
0
0
0
0
0
0
0
0
0
0
0
0
6
0
0
0
21
0
0
0
37
0
0
32
42
12
12
61
48
49
23
62
56
79
27
50
58
76
13
38
55
70
5
25
51
73
1
12
45
76
0
4
41
78
0
0
40
78
0
0
38
71
0
0
35
67
0
0
34
63
0
0
32
62
0
0
31
62
0
0
30
61
0
0
28
58
0
0
26
59
0
0
24
60
0
0
23
63
0
0
21
63
0
0
20
62
3
12
19
58
25
28
18
53
38
38
18
50
29
28
17
51
13
22
16
48
3
16
15
45
0
8
15
41
0
3
15
37
0
1
15
34
0
0
14
33
0
0
14
30
0
0
13
20
0
0
13
9
0
0
13
3
0
0
13
0
0
0
12
0
0
0
11
0
0
0
11
0
0
0
11
0
0
0
11
0
0
0
11
0
3
7
10
0
12
17
10
0
18
22
9
0
11
16
9
0
5
13
9
0
1
9
9
0
0
5
8
0
0
2
7
0
0
0
7
0
0
0
6
0
0
0
6
0
0
0
6
0
0
0
6
0
0
0
6
0
0
0
6
0
0
0
5
0
0
0
5
0
0
0
5
0
0
0
4
0
0
7
4
0
4
16
4
10
13
21
4
28
19
15
4
40
10
12
4
36
4
9
4
35
1
5
4
35
0
2
4
37
0
0
4
38
0
0
4
38
0
0
4
34
0
0
4
32
0
0
4
31
0
0
3
31
0
0
3
30
0
0
3
30
0
0
3
29
0
0
3
29
0
0
3
31
0
0
3
30
0
0
3
31
0
4
3
30
4
19
2
27
14
30
2
26
20
26
3
25
11
20
3
24
5
16
2
23
1
9
2
21
0
4
1
20
0
1
0
18
0
0
0
17
0
0
0
16
0
0
0
14
0
0
0
9
0
0
0
4
0
0
0
1
0
0
0
0
0
0
0
0
0
0
0
0
0
0
0
0
0
0
0
0
0
0
0
0
0
8
0
0
10
21
0
0
19
31
0
0
21
23
0
0
10
17
0
19
3
13
0
41
1
7
0
51
0
2
0
45
0
1
0
45
0
0
0
46
0
0
0
48
0
0
0
50
0
0
0
48
0
0
0
43
0
0
0
40
0
0
0
40
0
0
0
39
0
0
0
39
0
0
0
38
0
0
0
38
0
6
0
38
6
22
0
40
17
35
0
40
23
29
0
40
13
22
0
38
5
17
0
35
1
10
0
33
0
4
0
32
0
1
0
31
0
0
0
30
0
0
0
27
0
0
0
25
0
0
0
22
0
0
0
21
0
0
0
20
0
0
0
16
0
0
0
10
0
0
0
3
0
0
0
1
0
0
0
0
0
0
0
0
0
8
0
0
12
21
0
0
20
31
0
0
20
23
0
0
10
17
0
0
3
13
0
0
0
7
0
0
0
3
0
0
0
1
0
0
0
0
0
0
0
0
0
0
0
0
0
0
0
0
0
0
0
0
0
0
0
0
0
0
0
0
0
0
0
0
0
0
0
0
4
0
0
0
18
0
0
0
35
0
0
0
41
0
10
24
47
28
30
55
55
58
41
72
60
69
22
53
56
62
9
41
53
62
2
30
46
64
0
16
43
66
0
6
41
69
0
1
39
65
0
0
36
60
0
0
35
55
0
0
33
55
0
0
32
54
0
0
30
54
0
0
29
52
0
0
26
52
0
0
25
53
0
0
24
55
0
0
22
55
0
0
21
55
0
24
20
52
17
45
19
48
33
45
18
45
37
37
17
44
18
28
17
43
6
18
16
41
1
9
16
38
0
3
15
34
0
0
15
30
0
0
15
29
0
0
14
27
0
0
14
22
0
0
13
13
0
0
14
4
0
0
13
1
0
0
12
0
0
0
12
0
0
0
11
0
0
0
11
0
0
0
11
0
0
0
11
0
0
4
10
0
0
13
10
0
0
20
9
0
0
17
9
0
0
13
9
0
0
10
9
0
0
6
8
0
0
2
8
0
0
1
7
0
0
0
7
0
0
0
6
0
0
0
6
0
0
0
6
0
0
0
6
0
0
0
6
0
0
0
5
0
0
0
9
0
0
0
18
0
0
0
25
0
0
0
27
0
0
0
31
0
9
10
35
14
25
24
36
29
34
32
34
34
18
24
31
31
7
19
28
31
1
14
26
32
0
7
25
33
0
3
24
34
0
1
23
33
0
0
22
30
0
0
21
28
0
0
20
27
0
0
19
27
0
0
18
27
0
0
17
26
0
0
16
26
0
0
15
26
0
0
15
27
0
0
14
27
0
0
13
27
0
0
12
26
0
0
12
24
0
0
12
22
0
0
11
22
0
0
11
21
0
0
11
20
0
0
10
19
0
0
9
17
0
0
8
15
0
0
8
14
0
0
7
14
0
0
7
11
0
0
7
6
0
0
7
2
0
0
7
0
0
0
6
0
0
0
6
0
0
0
6
0
0
0
6
0
0
0
6
0
0
11
5
0
5
21
5
0
19
23
5
0
26
18
5
0
15
14
5
0
6
9
5
0
1
4
4
0
0
2
4
0
0
0
4
0
0
0
3
0
0
0
3
0
0
0
3
0
0
0
3
0
0
0
3
0
0
0
3
0
0
0
3
0
0
0
3
0
0
0
3
0
0
0
2
0
0
0
2
0
0
0
2
0
2
6
2
0
15
22
2
0
23
35
2
0
17
29
2
0
8
22
2
0
2
17
2
0
0
10
2
0
0
4
2
0
0
1
2
0
0
0
2
0
0
0
2
0
0
0
2
0
0
0
2
0
0
0
1
0
0
0
1
0
0
0
1
0
0
0
2
0
0
0
2
0
0
0
1
0
0
2
1
0
0
18
1
0
10
31
1
0
20
27
1
0
23
21
1
0
11
17
1
0
3
11
1
0
1
4
1
0
0
1
0
0
0
0
0
0
0
0
0
0
0
0
0
0
0
0
0
0
0
0
0
0
0
0
0
0
0
0
0
17
0
0
0
46
0
0
0
68
0
0
4
61
0
0
14
59
0
0
24
60
0
0
27
63
0
24
31
64
15
50
36
65
27
59
37
57
28
46
35
54
14
35
32
52
4
24
29
52
1
13
26
51
0
4
26
50
0
1
24
49
0
0
23
50
0
0
21
52
0
0
21
52
0
0
20
53
0
0
19
51
0
0
18
47
0
0
17
44
0
0
16
42
0
0
15
42
0
0
14
39
0
0
13
37
0
0
12
34
0
7
12
42
24
25
11
59
39
40
11
70
37
33
10
61
17
25
10
52
4
20
10
44
1
11
10
41
0
4
9
41
0
1
9
40
0
0
9
36
0
0
9
34
0
0
8
33
0
0
8
33
0
0
8
32
0
0
8
32
0
0
7
31
0
0
7
32
0
0
7
33
0
0
7
33
0
0
7
34
0
0
6
32
7
7
6
29
13
13
6
27
14
14
6
26
7
11
6
26
2
8
6
25
0
6
5
23
0
3
5
21
0
1
4
19
0
0
4
18
0
0
4
17
0
0
4
14
0
0
4
9
0
0
4
4
0
0
4
1
0
0
3
0
0
0
3
0
0
0
3
0
0
0
7
0
0
0
13
0
0
0
16
0
1
10
18
8
12
23
21
30
20
30
23
48
16
22
23
47
8
17
22
43
2
12
19
44
0
6
18
46
0
2
17
48
0
0
16
48
0
0
16
43
0
0
15
41
0
0
14
38
0
0
13
38
0
0
13
38
0
0
12
37
0
0
11
35
0
0
11
36
0
0
10
37
0
0
10
39
0
0
9
39
0
4
9
38
9
18
8
35
19
29
8
33
24
25
8
31
12
19
7
31
4
15
7
30
1
9
6
27
0
3
6
25
0
1
5
23
0
0
5
21
0
0
5
20
0
0
5
18
0
0
5
13
0
0
5
6
0
0
5
2
0
0
4
0
0
0
4
0
0
0
4
0
0
0
4
0
0
0
4
0
0
13
4
0
3
24
4
0
14
23
3
0
20
19
3
0
13
14
3
0
5
9
3
0
1
5
3
0
0
1
3
0
0
0
3
0
0
0
3
0
0
0
2
0
0
0
2
0
0
0
2
0
0
0
2
0
0
0
2
0
0
0
2
0
0
0
2
10
0
0
2
30
0
0
5
46
0
0
11
42
0
0
16
40
0
10
17
41
11
27
20
43
23
40
23
44
28
31
23
44
13
23
21
39
5
18
19
37
1
10
17
35
0
3
16
35
0
1
16
34
0
0
15
34
0
0
14
33
0
0
13
34
0
0
13
35
0
0
12
35
0
0
12
36
0
0
11
35
0
0
11
32
0
0
10
30
