0
0
0
0
0
0
0
0
0
0
0
0
0
0
0
0
0
0
0
0
0
0
0
0
0
0
0
0
0
0
0
0
0
0
0
0
0
0
0
0
0
0
0
0
0
0
0
0
0
0
0
0
0
0
0
0
0
0
0
0
0
0
0
0
0
0
0
0
0
0
0
3
0
0
0
30
0
0
0
53
0
0
0
56
0
0
0
51
0
0
0
52
0
0
0
54
6
18
3
56
42
46
37
57
82
67
64
52
93
49
60
49
83
30
58
45
69
18
49
45
57
11
45
45
47
7
38
44
38
5
34
42
31
4
26
43
25
4
17
43
20
3
12
45
15
2
10
45
12
1
8
44
9
0
7
43
6
0
5
39
3
0
3
37
2
0
1
37
1
0
0
35
0
0
0
33
0
0
0
30
0
0
0
27
0
0
0
27
0
0
0
38
0
0
0
47
0
0
0
42
0
0
0
32
0
0
0
27
0
0
0
26
0
0
0
26
0
0
0
27
0
0
0
24
0
0
0
23
0
0
0
21
0
0
0
21
0
0
0
21
0
0
0
20
0
0
0
19
0
0
0
20
0
0
0
20
0
0
0
21
0
0
0
21
0
0
0
21
0
0
0
20
0
0
0
18
0
0
0
17
0
0
0
17
0
0
0
16
0
0
0
15
0
0
0
14
0
0
0
13
0
0
0
11
0
0
0
11
0
0
0
10
0
0
0
7
0
0
0
4
0
0
0
1
0
0
0
0
0
0
0
0
0
0
0
0
0
0
0
0
0
0
0
0
0
0
0
0
0
0
0
0
0
0
0
0
0
0
0
0
0
0
0
0
0
0
0
0
0
0
0
0
0
0
0
0
0
0
0
0
0
0
0
11
0
0
0
26
0
0
0
33
0
0
0
29
0
0
0
29
0
0
0
29
0
0
0
31
0
0
0
32
0
0
0
31
0
0
0
28
0
0
0
26
0
0
0
25
0
0
0
25
0
0
0
25
0
0
0
24
0
0
0
24
0
0
0
25
0
0
0
26
0
0
0
26
0
0
0
26
0
0
0
24
0
0
0
22
0
0
0
21
0
0
0
20
0
0
0
23
0
0
0
33
0
0
0
40
0
0
0
38
0
0
0
34
0
0
0
34
0
0
0
34
0
0
0
33
0
0
0
29
0
0
0
22
0
0
0
19
0
0
0
18
0
0
0
18
0
0
0
17
0
0
0
17
0
0
0
16
0
0
0
17
0
0
0
17
0
0
0
18
0
0
0
18
0
0
0
17
0
0
0
16
0
0
0
15
0
0
0
14
0
0
0
14
0
0
0
14
0
0
0
13
0
0
0
12
0
0
0
11
0
0
0
10
0
0
0
9
0
0
0
8
0
0
0
6
0
0
0
3
0
0
0
1
0
0
0
0
0
0
0
0
0
0
0
0
0
0
0
0
0
0
0
0
0
0
0
0
0
0
0
0
0
0
0
0
0
0
0
0
0
0
0
0
0
0
0
0
0
0
0
0
0
0
0
0
0
0
0
0
0
0
0
0
0
0
0
0
0
0
0
0
0
0
0
0
0
0
0
0
0
0
0
0
0
0
0
0
0
0
0
0
0
0
0
0
0
0
0
0
0
0
0
0
0
0
0
0
0
0
0
0
0
0
0
0
0
0
0
0
0
0
0
0
0
0
0
0
0
0
0
0
0
0
0
0
0
0
0
0
0
0
0
0
0
0
0
0
0
0
0
0
0
0
0
0
0
0
0
5
1
4
2
37
9
24
30
63
17
43
52
65
18
41
48
59
17
27
46
61
14
15
40
63
11
10
36
65
9
6
31
66
8
4
27
60
6
3
21
56
5
3
13
53
4
2
10
52
3
2
8
51
2
1
7
51
2
0
6
48
1
0
4
49
1
0
2
50
0
0
1
53
0
0
0
52
0
0
0
51
0
0
0
49
0
0
0
45
0
0
0
42
0
0
0
42
10
17
3
41
34
35
27
38
57
42
45
35
55
30
40
31
50
17
39
29
43
10
33
27
35
7
29
25
28
4
26
19
23
3
22
33
18
3
17
49
14
2
11
52
11
2
8
46
9
1
7
48
7
8
11
49
5
17
25
51
3
21
35
52
2
15
28
48
1
9
26
45
0
5
23
42
0
4
19
41
0
2
17
41
0
2
15
41
0
1
11
39
0
1
7
40
0
1
5
39
0
1
5
41
7
10
20
42
39
42
59
40
71
72
90
39
76
62
72
36
67
42
70
34
57
23
61
34
46
15
50
33
38
10
47
30
31
7
39
28
25
5
29
25
20
5
19
23
15
4
14
22
12
3
13
21
10
1
23
16
7
0
30
9
5
0
26
3
3
0
22
1
1
0
17
0
0
0
15
0
0
0
13
0
0
0
11
0
0
0
9
0
0
0
6
0
0
0
4
0
0
0
3
0
5
8
5
0
21
20
24
0
36
29
39
0
37
21
35
0
33
13
33
0
28
8
28
0
23
5
26
0
18
3
22
3
15
2
19
36
12
2
15
66
9
2
9
70
7
1
7
63
6
1
6
65
5
0
5
66
3
0
4
69
2
0
3
70
1
0
1
64
0
0
0
61
0
0
0
56
0
0
0
55
0
0
0
55
0
0
0
54
0
0
0
51
0
0
0
53
0
0
0
53
21
10
2
56
49
42
36
56
65
71
62
54
60
62
58
53
53
41
56
48
44
23
48
46
36
15
44
46
29
10
37
43
24
6
33
40
19
5
25
38
15
4
17
34
12
4
12
31
9
3
10
29
7
1
8
27
5
0
7
20
3
0
5
11
1
0
2
3
0
0
1
1
0
0
0
0
0
0
0
0
0
0
0
0
0
0
0
0
0
0
0
0
0
0
0
0
0
0
0
0
10
15
10
0
28
37
40
0
46
54
66
0
44
39
56
0
39
24
55
0
33
15
47
0
27
9
41
0
22
6
36
0
18
4
31
0
14
3
23
0
11
3
15
0
9
3
11
0
7
2
9
22
5
1
8
50
4
0
7
64
2
0
4
57
1
0
2
56
0
0
0
57
0
0
0
61
0
0
0
62
0
0
0
60
0
0
0
54
0
0
0
51
0
0
0
50
0
0
0
49
6
2
1
49
35
51
56
47
63
96
101
47
67
96
101
48
60
66
95
50
50
38
80
50
41
23
74
51
33
15
63
47
27
10
55
44
22
8
43
41
17
7
28
40
14
6
20
39
11
5
17
37
9
2
14
34
6
0
11
31
4
0
9
28
2
0
4
26
1
0
1
25
0
0
0
21
0
0
0
13
0
0
0
5
0
0
0
1
0
0
0
0
0
0
0
0
0
1
0
0
5
22
0
0
32
40
28
0
61
39
52
0
67
27
56
0
60
15
52
0
50
10
44
0
41
6
42
0
34
4
33
0
28
3
31
0
22
3
23
0
18
2
16
0
14
2
11
0
11
1
9
1
9
0
8
44
7
0
6
90
5
0
5
106
2
0
3
95
1
0
1
96
0
0
0
99
0
0
0
102
0
0
0
106
0
0
0
100
0
0
0
91
0
0
0
85
0
0
0
84
4
13
8
82
54
72
75
83
107
125
125
81
125
113
111
80
113
75
107
81
95
42
91
84
78
27
81
84
64
18
71
84
52
12
62
80
43
9
48
73
34
8
31
69
27
7
22
68
21
5
19
79
17
3
16
106
13
0
13
125
9
0
9
115
5
0
4
106
2
0
1
105
1
0
0
105
0
0
0
98
0
0
0
85
0
0
0
66
0
0
0
57
0
0
0
53
4
4
0
52
28
22
19
52
53
38
40
51
58
34
52
49
51
23
43
50
43
13
37
51
35
8
35
53
29
5
27
54
23
4
27
52
19
3
21
49
15
2
15
45
12
2
10
43
9
2
8
43
8
1
7
41
6
0
6
38
4
0
4
35
2
0
3
31
1
0
1
29
0
0
0
27
0
0
0
25
0
0
0
17
0
0
0
7
0
0
0
2
0
0
0
0
0
0
0
0
0
0
0
0
0
0
0
12
0
0
0
28
0
0
0
34
0
0
0
30
0
0
0
30
0
0
0
31
0
0
0
32
0
0
0
34
0
0
0
32
0
0
0
29
0
0
0
27
0
0
0
27
0
0
0
26
0
0
0
26
0
0
0
25
0
0
0
25
0
0
0
26
0
0
0
27
0
0
0
27
0
0
0
27
0
0
0
25
0
0
0
23
0
0
0
22
0
0
0
21
0
0
0
21
0
0
0
20
0
0
0
18
0
0
0
17
0
0
0
15
0
0
0
14
0
0
0
13
0
0
0
11
0
0
0
7
0
0
0
2
0
0
0
0
0
0
0
0
0
0
0
0
0
0
0
0
0
0
0
0
0
0
0
0
0
0
0
0
0
0
0
0
0
0
0
0
0
0
0
0
0
0
0
0
0
0
0
0
0
0
0
0
0
0
0
0
0
0
0
0
0
0
0
0
0
0
0
0
0
0
0
0
0
0
0
0
0
0
0
0
0
0
0
0
0
0
0
0
0
0
0
0
0
0
0
0
0
0
0
0
0
0
0
1
0
0
0
14
0
0
0
26
0
0
0
28
0
0
0
26
0
0
0
27
0
0
0
27
0
0
0
28
0
0
0
29
0
0
0
26
0
0
0
25
0
0
0
23
0
0
0
23
0
0
0
22
0
0
0
22
0
0
0
21
0
0
0
22
0
0
0
21
0
0
0
23
0
0
0
23
0
0
0
22
0
0
0
21
0
0
0
19
0
0
0
19
0
0
0
19
0
0
0
18
0
0
0
16
0
0
0
15
0
0
0
14
0
0
0
13
0
0
0
17
0
0
0
30
0
0
0
40
0
0
0
35
0
0
0
29
0
0
0
29
0
0
0
30
0
0
0
31
0
0
0
31
0
0
0
28
0
0
0
27
0
0
0
25
0
0
0
25
0
0
0
25
0
0
0
24
0
0
0
23
0
0
0
23
0
0
0
24
0
0
0
25
0
0
0
25
0
0
0
25
0
0
0
23
0
0
0
21
0
0
0
20
0
0
0
20
0
0
0
19
0
0
0
18
0
0
0
16
0
0
0
15
0
0
0
14
0
0
0
13
0
0
0
12
0
0
0
8
0
0
0
4
0
0
0
1
0
0
0
0
0
0
0
0
0
0
0
0
0
0
0
0
0
0
0
0
0
0
0
0
0
0
0
0
0
0
0
0
0
0
0
0
0
0
0
0
0
0
0
0
0
0
0
0
0
0
0
0
0
0
0
0
0
0
0
0
0
0
0
0
0
0
0
0
0
0
0
0
0
0
0
0
0
0
0
0
0
0
0
0
3
33
31
0
14
66
60
0
25
81
72
0
26
57
62
0
23
34
53
0
19
20
52
0
16
13
40
0
13
8
39
0
10
6
30
0
8
5
21
0
7
4
14
0
5
4
11
0
4
2
10
0
3
1
8
0
2
0
6
0
2
0
4
0
1
0
1
0
0
0
0
0
0
0
0
0
0
0
0
4
0
0
0
37
0
0
0
65
0
0
0
69
7
11
2
62
30
28
27
64
52
41
47
66
54
30
44
68
47
18
43
70
41
11
36
63
33
7
33
60
27
5
28
55
21
3
25
55
17
3
19
54
14
2
13
54
11
2
9
51
8
1
7
52
7
1
6
52
8
10
17
56
12
19
29
56
16
20
35
54
15
14
27
52
12
8
24
47
10
5
22
45
8
3
17
45
7
2
17
43
5
2
13
40
4
1
9
37
3
1
6
33
3
1
5
31
14
13
4
57
35
52
35
84
55
86
65
84
52
75
77
68
45
49
66
63
38
28
56
62
31
18
54
63
25
12
42
66
20
8
41
61
16
6
32
56
13
5
22
52
10
5
15
51
8
3
17
50
6
2
30
51
4
0
39
49
3
0
31
49
1
0
28
49
0
0
23
52
0
0
17
52
0
0
16
51
0
0
14
49
0
0
10
45
0
0
7
42
0
0
5
42
11
10
6
40
29
20
21
38
44
25
33
35
42
18
29
31
35
11
27
28
29
6
23
27
24
4
21
26
20
3
17
20
16
2
15
12
13
2
12
4
10
1
8
1
8
1
6
0
6
1
5
0
5
0
4
8
3
0
3
47
2
0
2
79
1
0
1
81
0
0
0
73
0
0
0
75
0
0
0
78
0
0
0
80
0
0
0
82
0
0
0
74
0
0
0
70
0
0
0
66
6
7
15
65
35
28
50
63
64
48
78
63
68
41
63
60
61
27
62
61
51
15
54
62
42
10
44
66
34
6
41
65
28
4
34
64
22
3
25
61
18
3
17
56
14
3
13
53
11
2
11
53
9
1
16
51
6
0
22
47
4
0
26
43
2
0
19
39
1
0
16
35
0
0
14
34
0
0
11
31
0
0
11
22
0
0
9
11
0
0
6
3
0
0
4
1
0
0
3
0
5
0
3
0
15
0
2
0
24
0
2
0
23
0
1
0
20
0
0
0
16
0
0
0
13
0
0
0
11
0
0
0
9
0
0
0
7
0
0
0
6
0
0
0
4
0
0
0
3
0
0
8
20
16
14
50
37
62
58
86
47
100
91
88
42
83
76
79
37
53
74
82
31
31
65
85
25
19
54
87
21
13
49
89
17
9
41
81
14
7
31
76
11
6
21
71
8
5
15
71
13
4
13
69
26
2
11
68
39
0
9
65
37
0
6
67
33
0
3
67
27
0
0
71
22
14
19
71
18
34
39
69
14
50
51
66
12
37
42
61
9
22
37
57
13
13
35
57
25
8
27
55
36
5
27
51
34
4
21
47
30
3
14
42
24
3
10
38
20
3
8
36
16
20
7
34
13
41
6
25
10
51
4
12
8
37
3
4
6
22
1
1
7
13
0
0
23
8
24
0
40
5
45
0
43
4
48
0
38
3
45
0
32
3
38
0
26
3
36
0
21
1
28
0
17
1
26
0
14
0
20
0
11
0
14
0
9
0
10
0
7
0
8
0
6
0
7
3
4
0
5
45
3
0
4
80
2
0
2
86
1
0
1
78
0
0
4
81
0
46
59
83
0
90
102
85
0
96
95
87
0
67
92
80
0
40
78
76
3
24
72
69
20
15
61
69
39
10
53
68
42
7
41
68
37
6
27
64
31
6
20
66
26
5
16
65
21
2
13
69
17
1
11
70
14
0
8
68
11
0
4
65
9
0
1
59
15
16
33
57
40
63
83
57
61
101
124
69
61
83
101
79
54
53
93
79
