59
57
55
53
52
55
47
40
41
44
43
49
56
57
57
53
49
48
50
59
67
69
70
78
86
94
99
101
101
93
85
77
69
61
53
45
45
45
45
45
45
45
45
45
45
45
45
45
45
45
45
45
45
45
45
45
45
45
45
45
45
45
45
45
45
45
45
45
45
45
45
45
45
45
45
45
45
45
45
45
45
45
45
45
45
45
45
45
45
45
45
45
45
45
45
45
45
45
45
45
45
45
45
45
45
45
45
45
45
53
53
53
53
53
53
53
53
53
53
45
45
53
53
53
53
53
53
53
53
53
53
45
45
53
61
61
61
61
61
61
61
61
61
53
45
45
45
45
45
45
45
45
45
45
45
45
45
45
45
45
45
45
45
45
45
45
45
45
45
45
45
45
45
45
45
53
53
53
53
53
53
53
53
53
53
45
45
45
45
45
45
45
45
45
45
45
45
45
45
45
45
45
45
45
45
45
45
45
45
45
45
45
45
45
45
45
45
45
45
45
45
45
45
45
45
45
45
45
45
45
45
53
61
61
61
61
69
77
85
85
85
85
85
93
101
101
93
85
85
93
101
101
101
93
93
101
109
117
117
117
117
117
117
125
115
105
94
84
74
64
53
43
33
23
25
27
27
27
27
30
32
32
34
36
36
34
34
33
32
30
26
25
22
18
16
16
16
16
17
16
16
17
18
18
23
27
32
38
42
48
48
52
57
63
56
49
42
35
31
24
23
16
9
2
2
2
2
2
0
0
0
0
5
5
5
5
5
5
5
5
5
9
9
14
18
23
27
27
27
27
27
23
18
14
9
5
0
5
9
14
18
23
27
32
42
55
67
75
83
86
90
98
106
114
116
116
116
116
116
115
114
108
102
102
92
92
86
81
75
81
76
72
67
57
57
57
63
68
68
63
67
72
82
92
100
90
80
69
65
60
56
51
41
31
23
25
27
30
32
34
36
39
41
43
45
45
45
45
45
45
45
45
45
45
45
45
45
45
45
45
45
45
45
45
45
45
45
45
45
45
45
45
45
45
45
45
45
45
45
45
45
45
45
45
45
45
45
45
45
45
45
45
45
45
45
45
45
45
45
45
45
45
45
45
45
53
61
61
69
77
77
77
77
77
77
69
61
61
53
45
45
45
45
45
45
45
45
45
45
45
45
45
45
45
45
45
45
45
45
45
45
45
45
45
45
45
45
45
45
45
45
45
45
45
45
45
45
45
45
45
45
45
45
45
45
45
45
45
45
45
45
45
45
45
45
45
45
45
45
45
45
45
45
45
45
45
45
45
45
45
45
45
45
45
45
45
45
45
45
45
45
45
45
45
45
45
45
45
45
45
45
45
45
45
45
45
45
45
45
45
45
45
45
45
45
45
45
45
45
45
45
45
45
45
45
45
45
45
45
45
45
45
45
45
53
61
59
59
59
59
67
75
83
91
91
83
93
93
93
93
85
77
77
69
61
61
53
53
61
59
67
75
75
83
91
89
97
94
84
84
74
64
53
43
33
33
23
23
23
23
23
23
23
23
23
23
23
23
23
23
23
23
23
23
23
23
22
22
22
20
20
20
19
19
18
17
18
17
16
16
15
14
14
14
14
14
11
11
11
10
10
9
8
6
5
3
3
2
1
1
0
0
0
0
0
0
0
0
0
0
5
9
14
14
18
23
27
27
27
27
27
27
27
32
32
27
23
27
32
36
36
39
41
43
45
53
61
69
73
76
84
90
95
101
107
111
116
116
120
125
115
105
94
94
89
78
68
58
58
58
68
73
77
72
72
76
81
85
80
74
74
80
85
91
91
91
91
91
91
91
85
80
74
68
68
66
64
61
59
57
55
60
58
56
53
53
53
53
53
53
53
45
45
45
45
45
45
45
45
45
45
45
45
45
45
45
45
44
44
44
44
44
44
44
44
44
44
45
45
45
45
45
45
45
45
45
44
44
44
44
44
44
44
44
44
44
45
45
45
45
53
53
53
53
53
53
53
53
53
53
45
45
45
45
45
45
45
45
45
45
45
45
45
45
45
45
45
45
45
45
45
45
45
45
45
45
45
45
45
53
61
69
77
77
85
93
93
93
93
85
77
69
61
61
53
45
45
45
53
61
61
61
61
69
77
85
85
85
85
85
93
101
101
93
85
85
93
92
83
74
66
58
66
74
74
66
58
59
60
61
61
61
53
45
45
45
45
45
45
45
45
45
45
45
45
45
45
45
45
45
45
45
45
45
45
45
45
45
45
45
45
45
45
43
41
40
41
41
41
41
41
41
41
43
45
47
45
45
45
47
48
56
64
72
75
78
82
85
89
88
89
83
78
74
73
72
75
75
75
78
84
90
94
99
105
110
111
116
120
125
125
125
125
125
125
125
125
125
125
125
125
125
125
125
125
125
125
125
125
125
125
117
109
101
93
85
77
72
66
61
53
51
49
47
44
42
40
35
31
25
23
23
23
23
23
33
43
53
64
74
84
94
105
115
125
125
115
105
92
82
72
61
51
41
31
20
20
20
23
23
23
23
23
22
22
22
22
22
22
22
22
22
22
24
34
36
39
49
59
69
80
90
100
109
109
117
125
125
115
105
94
84
74
63
52
42
32
27
27
27
27
33
33
34
34
40
45
40
45
56
66
68
76
83
93
98
102
113
117
117
107
99
91
84
74
64
53
53
43
33
43
52
63
73
83
93
103
103
114
124
124
125
125
125
125
125
125
125
125
123
120
118
106
93
91
89
86
80
73
67
61
56
60
65
59
53
48
47
45
51
47
53
53
61
57
52
60
66
72
72
72
60
56
51
61
72
69
69
59
49
49
49
55
52
42
32
22
11
11
24
24
24
18
24
32
40
48
58
68
66
76
86
97
95
88
80
72
61
56
45
35
25
15
5
5
5
5
5
0
0
0
10
20
31
41
51
51
61
72
72
72
72
72
72
72
72
82
82
84
91
103
106
108
108
108
108
99
92
83
80
70
61
50
41
43
34
36
36
45
55
64
73
84
95
95
101
101
105
99
93
88
82
76
70
65
65
65
61
59
56
52
49
45
42
39
35
35
35
34
34
34
34
34
34
34
43
52
61
61
61
70
80
89
98
107
107
107
98
105
111
109
107
105
102
100
100
100
109
111
114
116
118
119
109
99
86
81
75
69
57
51
45
41
48
52
59
57
55
52
57
55
52
50
48
50
51
55
58
61
65
68
72
72
72
69
66
63
59
63
60
59
58
65
72
72
80
88
95
97
103
109
115
116
117
125
125
117
109
101
93
85
77
69
65
60
56
59
59
59
59
59
59
59
56
60
65
69
77
85
93
101
109
117
125
125
125
115
105
94
84
74
64
53
45
38
27
30
32
42
52
62
73
75
83
91
101
109
117
117
117
117
117
125
125
124
123
123
123
120
118
116
109
102
100
99
100
100
100
101
98
94
95
97
93
90
84
78
73
68
63
57
51
51
51
51
51
52
53
55
61
68
75
76
72
67
63
57
51
44
43
41
39
36
36
39
41
43
43
44
39
34
30
25
26
23
19
16
15
14
14
17
19
19
17
17
20
20
20
20
20
17
15
15
15
15
16
19
23
26
27
28
32
35
36
39
36
35
35
35
38
40
48
56
66
67
68
69
74
74
74
74
66
58
50
50
50
50
45
50
55
59
64
68
68
68
68
68
68
64
59
55
50
45
45
45
53
53
61
61
61
61
66
69
73
76
67
70
70
78
77
76
75
70
70
70
70
75
69
64
73
82
86
86
82
82
82
73
73
69
60
51
42
42
45
41
41
41
38
38
47
56
56
56
52
57
57
57
57
57
48
48
57
57
57
52
60
68
76
84
92
91
83
84
85
86
80
81
82
83
84
77
77
85
85
93
101
101
101
93
85
93
93
85
93
93
93
85
77
77
77
77
85
93
93
93
85
85
85
85
85
77
69
61
53
49
52
56
59
63
66
69
73
76
80
80
80
80
80
76
76
76
76
76
73
67
64
60
57
56
51
48
48
47
50
52
52
50
48
49
50
50
48
45
42
42
42
44
47
47
47
47
45
45
45
45
49
52
56
59
62
66
69
73
76
80
74
68
63
57
61
66
70
75
80
74
84
94
105
115
115
105
94
84
74
74
64
53
43
33
23
23
23
23
33
43
53
64
74
74
74
74
74
80
69
59
49
49
49
59
59
69
75
80
90
100
110
100
90
80
80
69
64
53
43
33
23
23
23
23
23
23
31
39
47
55
63
70
78
86
94
102
102
102
105
107
109
110
113
114
116
118
120
123
123
122
119
118
107
97
85
74
63
51
40
30
20
11
11
11
11
10
9
9
9
9
9
9
9
9
9
10
11
11
11
20
20
19
18
17
17
17
17
17
17
8
8
9
10
11
11
11
11
11
11
11
11
11
11
11
11
20
30
39
47
56
57
58
59
60
63
63
53
44
36
26
32
32
40
50
59
57
64
70
77
85
85
91
89
84
82
76
80
78
82
81
80
83
82
81
77
82
75
73
66
64
61
55
52
50
48
45
45
45
45
45
45
45
45
45
45
45
53
53
53
53
53
53
53
61
69
69
61
61
61
61
61
61
61
53
53
53
53
53
53
61
61
61
61
61
53
57
60
64
67
63
66
69
73
81
81
77
74
78
75
72
68
65
61
53
61
61
61
56
63
69
76
83
90
97
91
93
100
105
105
100
95
84
81
77
78
74
65
56
47
42
38
40
39
31
31
28
26
24
22
19
17
15
8
8
0
0
0
0
1
2
2
2
2
2
2
2
2
2
1
0
0
0
0
0
0
0
0
0
0
0
0
0
0
0
0
0
1
2
2
2
2
2
2
2
3
3
2
1
1
1
1
1
1
1
0
0
0
0
0
0
0
0
0
0
0
0
0
0
0
0
0
0
2
5
7
9
11
14
16
18
20
25
35
35
35
35
35
35
35
35
35
35
25
27
32
34
44
47
49
51
58
63
69
74
76
82
76
78
81
83
81
78
75
73
70
67
67
67
67
67
67
67
68
68
68
68
68
68
68
68
68
68
68
68
68
68
68
68
68
69
69
69
69
69
69
69
69
69
69
63
57
51
52
53
48
42
43
41
39
42
45
50
49
48
53
58
55
55
55
55
55
53
57
60
58
57
63
68
74
80
85
91
91
91
97
94
94
94
86
78
70
63
55
47
39
39
31
23
31
41
51
61
72
82
92
102
113
123
125
125
123
123
117
111
111
106
100
94
89
89
91
84
85
86
82
88
89
90
91
86
82
84
84
84
84
84
89
93
98
97
95
94
93
92
91
85
80
74
68
68
68
68
67
72
72
72
72
72
72
72
72
72
72
67
66
72
70
70
70
70
70
70
72
70
70
64
64
64
64
64
64
64
64
70
77
84
91
97
102
102
102
102
108
108
108
108
108
108
108
114
119
125
125
125
125
125
125
125
125
125
119
119
119
119
111
105
98
91
84
77
76
69
63
56
56
55
61
67
74
80
84
89
94
100
107
114
112
112
111
111
113
114
114
115
116
117
118
119
116
107
98
89
78
76
67
58
49
39
33
33
33
32
33
35
34
33
32
36
35
44
53
64
72
72
69
69
74
74
75
66
67
56
56
43
43
41
34
27
25
23
22
22
11
11
16
20
25
30
34
40
34
47
53
59
55
62
70
78
86
93
88
88
93
100
113
113
102
92
81
68
81
80
78
76
73
70
76
82
89
95
89
83
77
72
66
58
52
47
41
39
38
38
39
42
50
60
70
73
75
83
91
97
101
106
105
103
103
111
119
114
108
108
108
103
103
103
100
90
82
80
77
70
64
60
55
48
43
53
61
69
77
85
93
101
109
117
125
125
125
125
125
125
119
119
119
119
119
119
119
119
119
111
117
117
117
117
117
117
117
117
109
117
117
117
111
106
100
94
94
86
84
74
64
56
53
51
49
47
39
39
41
43
53
61
69
77
85
93
101
109
117
125
125
125
115
105
94
84
74
64
53
48
43
38
43
48
53
59
65
65
70
66
60
56
50
45
40
34
28
28
24
26
26
28
31
33
43
45
56
66
67
67
69
77
85
93
93
95
85
75
73
70
68
58
53
49
44
45
51
57
63
63
63
63
63
66
70
75
80
84
89
99
109
119
124
125
125
125
115
105
94
84
74
64
58
53
49
48
58
68
78
89
99
109
115
119
124
125
125
125
124
124
124
124
124
124
122
119
117
109
103
97
90
83
76
69
65
60
56
56
60
60
65
60
60
60
55
49
43
39
28
23
13
22
26
31
41
51
61
72
82
92
100
98
98
88
77
67
57
57
52
52
44
36
26
26
26
26
26
22
26
26
36
47
57
67
67
67
67
72
61
51
41
31
22
13
13
13
13
2
2
2
3
5
6
6
7
17
27
38
48
58
58
67
75
84
93
88
81
74
67
60
63
56
49
51
53
61
70
80
80
80
89
98
98
89
89
89
89
89
98
107
107
107
116
125
125
124
123
123
123
123
123
123
117
111
106
101
97
97
97
91
85
83
86
90
93
97
93
91
89
92
95
95
95
95
89
82
82
75
68
61
55
48
41
41
48
55
61
68
75
82
89
95
102
102
102
102
102
102
102
102
102
102
102
102
102
99
95
92
89
90
91
92
93
94
95
100
105
102
100
93
86
80
73
69
65
61
58
61
60
64
67
67
70
70
72
72
68
65
66
63
61
61
58
55
51
48
48
56
64
72
77
85
93
101
109
117
125
125
125
117
109
101
93
85
81
73
72
65
58
59
60
60
60
61
59
61
57
64
70
77
84
92
100
107
114
119
125
125
125
125
125
125
125
