59
57
55
53
52
55
47
40
41
44
43
49
56
57
57
53
49
48
50
59
67
69
70
78
86
94
99
101
101
93
85
77
69
61
53
45
45
45
45
45
45
45
45
45
45
45
45
45
45
45
45
45
45
45
45
45
45
45
45
45
45
45
45
45
45
45
45
45
45
45
45
45
45
45
45
45
45
45
45
45
45
45
45
45
45
45
45
45
45
45
45
45
45
45
45
45
45
45
45
45
45
45
45
45
45
45
45
45
45
53
53
53
53
53
53
53
53
53
53
45
45
53
53
53
53
53
53
53
53
53
53
45
45
53
61
61
61
61
61
61
61
61
61
53
45
45
45
45
45
45
45
45
45
45
45
45
45
45
45
45
45
45
45
45
45
45
45
45
45
45
45
45
45
45
45
53
53
53
53
53
53
53
53
53
53
45
45
45
45
45
45
45
45
45
45
45
45
45
45
45
45
45
45
45
45
45
45
45
45
45
45
45
45
45
45
45
45
45
45
45
45
45
45
45
45
45
45
45
45
45
45
53
61
61
61
61
69
77
85
85
85
85
85
93
101
101
93
85
85
93
101
101
93
85
85
93
101
109
109
109
109
109
117
125
115
105
94
84
74
64
53
43
33
25
27
30
30
30
30
32
34
34
36
36
33
31
31
30
28
26
23
22
18
15
16
16
16
16
17
16
16
17
18
18
23
27
32
38
42
48
48
52
57
66
59
52
45
41
36
30
28
22
15
5
5
5
5
7
5
5
5
9
14
14
14
14
14
9
9
9
9
9
9
14
18
23
23
23
23
23
23
18
14
9
5
0
5
9
14
18
23
27
32
36
49
61
69
77
85
89
97
105
113
120
120
120
120
120
120
119
114
108
102
102
92
86
81
75
69
75
70
66
61
51
51
57
52
58
58
52
57
61
72
82
82
72
72
61
57
52
48
43
33
23
23
25
27
30
32
34
36
39
41
43
45
45
45
45
45
45
45
45
45
45
45
45
45
45
45
45
45
45
45
45
45
45
45
45
45
45
45
45
45
45
45
45
45
45
45
45
45
45
45
45
45
45
45
45
45
45
45
45
45
45
45
45
45
45
45
45
45
45
45
45
45
53
53
53
61
61
61
61
61
61
61
53
53
53
45
45
45
45
45
45
45
45
45
45
45
45
45
45
45
45
45
45
45
45
45
45
45
45
45
45
45
45
45
45
45
45
45
45
45
45
45
45
45
45
45
45
45
45
45
45
45
45
45
45
45
45
45
45
45
45
45
45
45
45
45
45
45
45
45
45
45
45
45
45
45
45
45
45
45
45
45
45
45
45
45
45
45
45
45
45
45
45
45
45
45
45
45
45
45
45
45
45
45
45
45
45
45
45
45
45
45
45
45
45
45
45
45
45
45
45
45
45
45
45
45
45
45
45
45
53
61
69
67
67
67
67
75
83
91
91
83
75
85
85
85
85
77
69
69
61
61
61
53
53
51
59
67
75
65
73
81
78
76
74
74
64
53
43
43
33
23
23
23
23
23
23
23
23
23
23
23
23
23
23
23
22
22
22
20
20
20
19
19
19
18
18
18
17
18
18
17
18
17
16
16
16
15
15
14
18
18
17
17
17
16
15
15
14
13
6
5
3
2
1
1
1
0
0
0
0
0
0
0
0
0
5
9
14
18
18
23
27
32
32
32
27
27
27
27
32
27
23
23
27
32
36
38
40
42
44
52
60
64
67
70
74
81
86
92
98
102
107
111
116
120
115
105
94
94
89
83
73
73
63
63
73
83
88
82
82
82
86
81
85
80
74
64
69
75
81
86
92
95
98
102
108
