0
0
0
0
0
0
0
0
0
0
0
0
0
0
0
0
0
0
0
0
0
0
0
0
0
0
0
0
0
0
0
0
0
0
0
0
0
0
0
0
0
0
0
0
0
0
0
0
0
0
0
0
0
0
0
0
0
0
0
0
0
0
0
0
0
0
0
0
0
0
0
0
0
0
0
0
0
0
0
0
0
0
0
0
0
0
0
0
0
0
0
0
0
0
0
0
0
0
0
0
0
0
0
0
0
0
0
0
0
0
0
0
0
0
0
0
0
0
0
0
0
0
0
0
0
0
0
0
0
0
0
0
0
0
0
0
0
0
0
0
0
0
0
0
0
0
0
0
0
0
0
0
0
0
0
0
0
0
0
0
0
0
0
0
0
0
0
0
0
0
0
0
0
0
0
0
0
0
0
0
0
0
0
0
0
0
0
0
0
0
0
0
0
0
0
0
0
0
0
0
0
0
0
0
0
0
0
0
0
0
0
0
0
0
0
0
0
0
0
0
0
0
0
0
0
0
0
0
0
0
0
0
0
0
0
0
0
0
0
0
0
0
0
0
0
0
0
0
0
0
0
0
0
0
0
0
0
0
0
0
0
0
0
0
0
0
0
0
0
0
0
0
0
0
0
0
0
0
0
0
0
0
0
0
0
0
0
0
0
0
0
0
0
0
0
0
0
0
0
0
0
0
0
0
0
0
0
0
0
0
0
0
0
0
0
0
0
0
0
0
0
0
0
0
0
0
0
0
0
0
0
0
0
0
0
0
0
0
0
0
0
0
0
0
0
0
0
0
0
0
0
0
0
0
0
0
0
0
0
0
0
0
0
0
0
0
0
0
0
0
0
0
0
0
0
0
0
0
0
0
0
0
0
0
0
0
0
0
0
0
0
0
0
0
0
0
0
0
0
0
0
0
0
0
0
0
0
0
0
0
0
0
0
0
0
0
0
0
0
0
0
0
0
0
0
0
0
0
0
0
0
0
0
0
0
0
0
0
0
0
0
0
0
0
0
0
0
0
0
0
0
0
0
0
0
0
0
0
0
0
0
0
0
0
0
0
0
0
0
0
0
0
0
0
0
0
0
0
0
0
0
0
0
0
0
0
0
0
0
0
0
0
0
0
0
0
0
0
0
0
0
0
0
0
0
0
0
0
0
0
0
0
0
0
0
0
0
0
0
0
0
0
0
0
0
0
0
0
0
0
0
0
0
0
0
0
0
0
0
0
0
0
0
0
0
0
0
0
0
0
0
0
0
0
0
0
0
0
0
0
0
0
0
0
0
0
0
0
0
0
0
0
0
0
0
0
0
0
0
0
0
0
0
0
0
0
2
0
0
0
40
0
0
0
73
0
0
0
84
0
0
0
78
0
0
0
62
0
0
0
48
0
0
0
38
0
0
0
34
0
0
0
35
0
0
0
31
0
0
0
28
0
0
0
23
0
0
0
20
0
0
0
17
0
0
0
12
0
12
0
16
0
53
31
67
0
94
81
104
0
97
85
102
0
85
40
88
0
71
22
67
0
60
19
63
0
49
8
53
0
40
2
45
0
32
1
40
0
25
0
35
0
19
0
30
0
15
0
30
17
12
0
29
49
9
0
22
73
6
0
23
66
3
0
23
63
1
0
20
65
1
0
15
68
14
0
17
69
55
21
15
70
98
77
11
62
98
95
5
58
87
52
27
56
72
23
49
56
61
20
64
55
50
12
58
54
40
3
45
52
32
1
35
54
26
0
28
56
20
0
24
56
15
0
24
57
12
0
23
55
9
0
21
50
6
0
16
48
3
0
15
45
1
0
13
45
1
0
9
43
2
0
11
45
23
0
46
88
45
0
72
123
51
0
77
125
47
0
65
114
40
0
50
113
32
0
46
107
26
0
38
100
21
0
33
98
17
0
29
87
14
0
26
82
11
0
22
76
9
0
22
76
7
0
44
75
5
0
70
74
4
0
107
69
2
0
101
72
1
0
89
72
0
0
65
77
0
0
57
76
0
0
49
74
0
0
43
71
0
0
39
65
0
0
33
62
0
0
26
62
0
0
24
59
0
0
20
62
0
0
16
78
0
0
16
89
38
17
38
83
80
73
84
78
102
99
119
77
93
67
92
69
78
26
77
57
67
21
70
47
55
15
60
40
45
4
54
37
37
1
45
35
30
0
40
34
24
20
34
34
19
69
34
33
15
80
32
32
11
43
56
33
8
20
79
33
4
17
95
35
2
9
87
35
1
2
66
34
0
1
53
32
0
0
47
30
1
0
38
28
1
0
33
28
1
0
28
27
0
0
24
25
0
0
18
23
0
0
17
20
0
0
14
19
0
0
10
18
24
0
12
16
65
34
51
11
102
87
80
5
98
85
85
1
84
37
72
0
71
23
55
0
57
20
51
0
46
8
42
0
38
2
37
0
31
0
32
0
24
0
28
0
19
0
24
0
15
0
24
0
12
0
23
0
8
0
19
0
5
0
20
0
3
0
19
0
1
0
16
0
0
0
13
0
5
0
13
0
24
13
12
0
42
26
9
0
47
23
3
0
41
10
1
0
34
7
0
0
28
5
0
0
23
2
0
0
18
1
0
0
15
0
0
0
12
0
0
0
9
0
0
0
7
0
0
0
6
0
0
0
4
0
0
0
3
0
0
0
1
0
0
0
1
0
0
0
0
0
0
0
0
0
0
0
0
0
0
16
0
0
0
53
0
0
0
82
0
0
0
76
0
0
0
72
0
0
0
73
0
0
0
77
0
0
0
79
0
0
0
79
0
24
0
71
0
77
0
67
0
88
0
64
0
47
0
63
0
22
0
63
0
19
0
62
0
10
0
59
0
3
0
61
0
1
0
62
19
1
0
64
53
48
0
65
83
89
0
63
79
76
12
58
69
29
50
54
58
21
88
51
47
18
87
51
38
5
79
49
31
2
57
45
25
0
47
42
20
0
41
37
15
0
35
35
12
0
38
33
10
0
33
30
7
0
26
20
4
0
24
9
2
0
22
2
1
0
17
0
0
0
15
0
34
13
32
0
80
86
81
0
109
125
119
0
100
91
93
0
87
37
78
0
70
27
75
17
60
22
61
47
49
6
55
68
40
2
47
62
32
0
41
59
25
0
35
61
20
0
34
64
16
0
31
65
12
0
28
65
8
0
26
58
5
0
24
54
2
0
23
53
1
0
17
52
0
0
14
51
10
0
16
51
27
0
14
49
41
0
8
50
40
0
3
52
34
0
1
52
28
0
0
54
23
0
0
51
18
0
0
47
15
0
0
45
12
0
0
42
10
0
0
42
7
0
0
40
6
0
2
37
5
0
33
34
3
0
60
30
2
0
63
28
1
0
58
27
0
0
47
23
0
0
36
15
0
0
29
6
0
0
26
1
0
0
27
0
0
0
23
0
0
0
21
0
0
0
18
0
0
0
15
0
0
0
13
0
0
0
10
0
21
1
14
0
53
45
55
0
80
82
84
0
78
69
73
0
67
25
62
0
56
19
54
0
45
16
47
0
36
5
39
0
30
1
35
0
24
0
31
0
19
15
26
0
15
55
23
0
12
69
23
0
9
40
22
0
7
17
17
0
4
15
17
0
2
9
18
0
1
2
15
0
0
1
11
0
0
0
12
0
0
0
11
0
1
0
7
0
1
0
3
0
0
0
1
0
0
0
0
0
0
0
0
0
0
0
0
0
0
0
0
0
7
0
0
0
43
30
0
0
76
87
0
0
86
97
3
0
76
50
37
0
64
25
68
0
52
21
71
0
43
10
65
0
34
3
52
0
28
1
40
0
22
0
33
0
17
0
29
0
13
0
30
0
11
0
26
0
8
0
23
0
5
0
20
0
3
0
17
0
1
0
14
0
1
0
12
0
4
0
17
0
29
11
62
0
53
25
95
0
60
23
81
0
54
10
69
0
45
6
60
0
36
5
53
0
30
2
43
0
24
1
39
0
19
0
34
0
15
0
29
0
12
0
26
0
9
0
25
0
8
0
24
0
6
0
19
0
4
0
19
0
2
0
20
0
1
0
16
0
0
0
12
0
0
0
14
0
0
0
12
0
0
0
8
0
1
0
3
0
0
0
1
0
0
0
0
0
0
0
0
0
0
0
0
0
0
0
0
0
7
0
0
0
44
28
0
0
78
80
0
0
88
88
0
0
78
45
0
0
66
22
0
0
53
19
0
0
44
9
0
0
35
2
0
0
28
1
0
0
22
3
0
0
18
40
0
0
14
65
0
0
11
50
15
0
8
19
38
0
5
15
66
0
3
12
63
0
1
3
56
0
1
1
40
0
0
0
34
0
0
0
29
0
1
0
26
4
1
0
28
51
1
0
24
91
0
0
19
97
0
0
18
88
0
0
15
90
0
0
12
92
0
0
12
96
22
9
27
98
47
43
62
90
60
59
88
85
55
42
69
78
46
16
58
77
40
13
52
77
33
9
45
76
27
3
40
72
22
1
34
73
18
0
30
73
14
0
25
78
11
0
25
78
9
0
23
76
7
0
21
73
5
0
19
67
3
0
18
64
1
0
17
64
1
0
12
61
0
0
10
68
15
0
12
97
35
0
9
118
48
0
5
110
44
0
2
103
38
0
1
103
31
0
0
96
26
0
0
84
22
0
0
74
18
0
0
64
14
0
0
59
11
0
0
56
9
0
0
55
7
0
0
55
5
0
0
54
4
0
0
52
2
0
0
53
1
0
0
54
0
0
0
56
0
0
0
56
0
0
0
55
0
0
0
52
0
0
1
48
0
0
28
45
0
0
52
45
0
0
58
43
0
0
55
40
0
0
43
37
0
0
33
33
0
8
27
40
0
44
23
73
0
60
24
100
0
43
21
92
0
17
19
75
0
13
16
71
0
10
13
72
0
3
12
74
0
1
9
75
15
0
11
67
42
20
48
63
66
52
75
60
63
53
69
59
55
23
58
58
47
14
47
58
37
12
43
54
30
5
36
56
25
1
32
57
20
0
28
60
16
0
24
60
12
0
21
58
10
0
20
55
8
0
20
51
5
0
15
48
3
0
16
48
2
0
16
46
1
0
14
42
0
0
10
39
12
0
11
35
36
25
10
32
59
52
7
31
56
45
4
29
49
21
31
20
42
13
55
10
34
11
60
3
27
4
56
0
22
1
45
0
18
0
34
0
14
0
28
0
11
0
24
0
9
0
26
0
7
0
22
0
5
0
20
16
3
0
17
53
2
0
14
81
1
0
12
75
0
0
9
71
8
0
12
72
28
0
51
76
47
0
80
78
44
0
71
78
39
0
59
70
33
0
50
66
27
0
44
63
22
0
37
62
18
0
33
62
14
0
29
61
11
0
25
58
9
0
22
60
7
0
21
61
5
0
21
63
4
0
16
64
2
0
17
62
1
0
17
58
0
0
14
54
0
0
11
51
0
0
12
51
0
0
11
48
0
0
8
45
0
0
23
41
0
0
45
37
0
0
73
34
0
0
68
32
0
0
60
29
0
0
43
20
18
0
36
9
53
25
31
18
86
68
28
49
81
73
29
73
72
35
26
67
61
19
21
64
49
16
19
65
40
7
16
69
33
2
13
70
26
1
13
70
21
4
34
63
16
44
69
59
13
71
97
57
10
54
75
56
7
21
62
55
5
16
56
55
2
13
48
52
1
4
44
54
0
1
37
56
0
0
32
56
0
0
28
58
1
0
28
55
1
0
25
51
0
0
23
48
0
0
20
45
0
0
20
45
0
0
18
43
0
0
13
40
6
0
11
37
33
13
13
33
58
45
10
31
65
60
5
29
57
38
20
26
48
15
36
17
39
13
51
8
32
8
45
2
26
2
36
0
21
1
28
0
16
0
22
0
13
0
19
0
10
0
19
0
8
0
18
0
6
0
16
0
4
0
13
0
2
0
12
0
1
0
10
0
0
0
8
0
4
0
8
0
20
0
34
21
36
0
55
55
40
0
63
78
34
0
51
70
29
0
40
68
24
0
35
69
19
0
32
73
16
0
26
74
12
0
22
74
10
0
20
66
8
0
18
62
6
0
17
60
5
0
38
60
4
0
57
59
2
0
78
58
1
0
72
56
1
0
59
58
0
0
45
60
0
0
38
60
0
0
34
62
0
0
30
58
0
0
26
53
0
0
23
51
0
0
17
48
0
0
16
48
0
0
13
45
0
0
10
42
5
0
11
38
34
11
39
35
63
52
66
32
72
71
83
31
66
49
65
26
56
19
52
17
45
15
45
7
36
11
40
2
29
3
35
0
24
1
29
0
19
2
26
0
15
26
23
0
12
42
23
0
9
32
30
0
7
13
51
0
5
10
75
0
3
8
74
0
1
2
67
0
0
1
49
0
0
0
41
0
0
0
37
0
1
0
31
0
1
0
28
0
0
0
23
0
0
0
17
0
0
0
16
0
0
0
14
0
0
0
11
0
0
0
10
0
25
5
22
0
56
34
53
0
77
50
77
0
70
37
61
0
60
15
51
0
49
11
48
0
42
9
40
0
34
3
36
0
28
1
31
0
23
0
27
0
18
0
23
0
14
0
22
0
11
0
20
0
8
0
19
0
6
0
17
0
3
0
16
0
2
0
15
0
1
0
11
0
0
0
9
0
10
9
10
32
24
24
9
74
35
24
5
94
32
11
2
83
28
6
1
83
22
6
0
84
19
2
0
89
15
1
0
92
12
0
0
88
10
0
0
80
8
0
0
75
6
0
0
73
5
0
0
72
4
0
0
72
3
0
0
70
2
0
0
69
1
0
0
71
0
0
0
74
0
0
0
74
0
0
0
74
0
0
0
70
0
0
0
64
0
0
0
61
0
0
0
59
0
0
0
58
0
0
0
55
0
0
0
50
0
0
0
46
0
0
0
41
0
32
0
39
0
60
0
37
0
52
0
31
0
22
0
50
0
15
0
72
0
12
0
79
0
4
0
69
0
1
0
70
15
0
0
71
48
24
0
74
80
67
0
77
75
74
2
73
66
37
48
67
57
19
87
62
46
16
101
61
37
7
94
60
30
2
75
60
24
1
57
59
19
0
46
58
15
0
41
59
12
0
42
61
9
0
37
61
7
0
33
62
4
0
28
58
2
0
24
54
1
0
20
50
0
0
15
50
26
0
19
48
78
38
81
58
125
108
125
67
118
119
121
65
104
59
105
59
89
30
81
57
72
25
76
57
58
12
64
51
47
3
55
42
38
1
48
30
30
0
42
25
24
0
37
22
19
0
36
22
15
0
34
22
11
0
26
22
