125
125
125
125
125
125
125
125
125
125
125
125
125
125
125
125
125
125
125
125
125
125
125
125
125
125
125
125
125
125
125
125
125
125
125
125
125
125
125
125
125
125
125
125
125
125
125
125
125
125
125
125
125
125
125
125
125
125
125
125
125
125
125
125
125
125
125
125
125
125
125
125
125
125
125
125
125
125
125
125
125
125
125
125
125
125
125
125
125
125
125
125
125
125
125
125
125
125
125
117
117
109
101
94
88
80
73
65
57
58
51
52
53
52
49
56
58
61
59
61
63
68
75
83
93
94
99
103
101
106
108
107
105
102
99
95
95
93
102
94
90
84
78
73
68
64
56
50
43
45
49
47
44
42
40
43
47
44
44
40
40
40
40
40
40
36
33
43
47
50
48
50
52
55
57
57
65
55
56
55
53
49
49
47
44
42
34
36
36
35
34
36
40
40
45
51
55
58
58
55
59
57
52
52
45
45
45
40
35
48
48
56
60
66
67
67
67
73
73
63
57
57
57
57
61
66
58
50
60
60
60
55
49
43
39
28
35
42
38
43
48
53
59
65
70
77
80
83
85
88
91
93
92
91
89
86
84
83
80
76
73
73
76
80
84
84
84
84
85
86
88
85
83
81
78
80
81
80
80
80
80
80
78
77
77
80
82
84
85
88
90
92
95
97
98
98
98
98
99
99
99
99
101
95
89
81
73
65
56
48
41
34
26
28
31
32
34
36
40
42
43
44
44
43
51
60
68
68
76
84
84
84
92
90
85
81
76
72
67
63
58
53
41
40
34
28
23
25
19
14
16
28
31
33
33
43
43
43
43
43
43
33
43
43
43
43
53
52
52
50
50
50
47
53
53
43
33
34
41
50
57
57
49
41
40
39
38
38
30
23
16
16
17
18
19
19
19
18
18
26
26
26
25
24
23
24
25
26
35
35
43
51
60
69
77
83
89
97
94
92
89
85
83
81
80
80
80
77
77
77
78
80
80
80
80
80
80
80
80
80
82
84
86
89
83
77
73
68
64
59
52
45
39
39
47
47
45
45
44
43
42
42
43
38
35
38
43
48
53
56
58
55
58
61
66
74
78
73
65
73
69
72
68
63
52
42
32
32
34
25
32
38
34
35
35
35
35
34
34
33
27
28
36
41
47
52
58
65
65
65
65
58
50
50
44
39
33
27
27
26
26
26
27
22
22
22
22
22
22
23
23
23
23
23
23
23
27
27
27
27
27
27
27
27
27
27
23
22
22
22
22
22
22
22
23
23
33
41
39
36
43
49
55
59
64
69
65
64
76
89
92
97
97
98
98
98
97
97
93
89
83
78
78
77
76
76
77
77
76
76
77
77
77
78
84
84
84
84
84
78
73
73
73
67
67
72
64
57
52
52
51
44
40
50
39
27
31
33
41
48
57
60
61
59
63
66
67
73
72
73
72
76
81
75
73
70
67
59
51
43
36
28
20
27
25
23
24
25
33
41
41
42
53
51
56
65
74
74
67
60
63
61
53
49
45
38
27
27
26
25
22
22
18
16
17
18
19
18
17
16
17
17
18
18
17
17
17
18
19
28
28
30
30
30
31
31
31
31
31
23
23
23
23
23
23
23
23
23
25
25
25
25
25
25
25
25
25
25
23
31
31
31
31
31
31
31
31
31
31
23
23
28
34
34
34
34
34
34
34
34
34
28
23
23
33
43
53
64
74
74
74
74
74
73
63
52
42
41
41
51
49
47
44
43
42
41
40
33
23
13
15
16
17
18
18
18
19
17
16
22
26
27
33
39
45
51
57
61
67
66
66
70
70
70
68
67
66
65
65
64
