125
125
125
125
125
125
125
125
125
125
125
125
125
125
125
125
125
125
125
125
125
125
125
125
125
125
125
125
125
125
125
125
125
125
125
125
125
125
125
125
125
125
125
125
125
125
125
125
125
125
125
125
125
125
125
125
125
125
125
125
125
125
125
125
125
125
125
125
125
125
125
125
125
125
125
125
125
125
125
125
125
125
125
125
125
125
125
125
125
125
125
125
125
125
125
125
125
125
125
117
117
109
101
94
87
80
73
65
57
58
51
52
53
52
51
58
60
64
60
63
64
69
76
84
92
93
98
102
101
106
108
107
105
102
99
95
91
89
98
90
85
80
74
68
64
59
56
50
43
45
49
47
44
42
40
43
47
44
44
40
40
47
47
47
47
42
39
49
52
56
53
49
51
53
56
57
65
55
56
57
56
51
51
51
49
47
39
41
41
38
38
40
43
41
41
47
50
53
53
50
53
59
55
55
53
53
53
48
43
56
56
56
60
66
67
61
61
67
67
57
51
51
51
51
56
66
70
63
73
73
73
67
61
56
51
41
35
42
38
43
48
52
58
64
70
77
80
83
85
88
91
94
97
95
92
90
88
86
83
83
80
80
80
83
88
88
88
88
89
86
88
85
83
81
78
80
81
80
80
80
80
80
78
77
77
80
82
84
86
89
91
93
97
98
99
99
99
99
99
99
99
99
91
85
78
70
63
55
45
38
31
24
26
28
31
32
33
35
39
41
42
43
43
42
42
51
60
68
76
84
84
84
92
90
88
83
78
66
61
57
52
48
35
34
34
28
23
25
19
14
16
28
41
43
43
53
64
64
64
64
64
53
53
64
64
64
64
64
64
61
61
61
58
55
55
44
34
34
34
43
50
50
42
34
33
32
31
31
30
22
15
15
16
17
18
18
18
17
17
18
18
18
17
16
15
16
17
18
27
35
43
51
60
69
77
83
89
94
92
90
86
83
80
77
76
76
76
76
76
76
77
78
80
80
80
80
80
80
80
80
82
84
86
89
83
77
73
68
64
59
52
45
39
31
39
39
38
36
35
34
33
33
34
36
32
30
35
41
47
52
55
51
55
58
65
77
69
64
56
60
68
70
72
65
55
44
47
47
49
40
35
41
33
40
41
41
41
41
41
40
34
28
36
36
41
45
51
57
62
63
63
61
55
55
49
44
39
33
27
26
26
27
27
22
22
22
22
22
22
23
23
23
23
23
23
23
23
23
23
23
23
24
24
24
24
23
23
23
22
22
22
20
19
19
19
20
20
27
35
33
40
45
52
63
68
66
72
70
74
86
85
90
90
85
85
93
93
93
90
85
85
81
81
80
78
78
78
78
77
77
77
77
77
78
80
80
80
80
80
80
74
68
68
62
67
72
76
69
64
58
58
57
51
52
41
30
19
22
31
40
49
58
60
66
69
73
75
82
81
80
77
77
85
81
77
75
72
63
53
45
39
30
18
25
24
22
20
22
31
39
39
40
41
39
43
52
57
57
50
43
45
48
50
45
42
34
31
30
28
27
25
22
18
16
17
18
19
20
19
18
18
18
19
19
19
19
19
19
19
31
39
40
40
40
40
40
40
40
41
31
23
23
23
23
23
23
23
23
30
32
32
32
32
32
32
32
32
32
25
31
41
41
41
41
41
41
41
41
40
32
22
27
33
33
33
42
42
42
43
43
43
38
32
32
42
43
53
64
74
74
74
74
74
74
63
58
48
47
45
56
66
64
61
59
60
55
53
43
34
24
14
15
16
17
16
15
20
22
20
19
25
26
32
39
45
52
52
57
63
68
67
72
72
70
68
65
64
65
65
65
65
65
65
65
67
65
60
53
55
56
57
58
58
58
52
53
55
56
50
44
44
45
48
48
52
56
61
67
73
78
72
64
55
60
56
51
45
40
34
30
35
42
50
45
50
56
61
67
74
77
76
74
70
67
70
73
72
70
67
70
75
78
82
85
85
85
89
92
94
93
92
91
91
91
89
87
85
83
83
82
81
81
81
81
81
80
80
80
78
77
80
82
84
86
89
91
93
95
99
103
103
103
103
103
103
95
93
91
83
74
66
58
50
43
36
47
49
52
55
59
65
67
69
70
72
64
58
51
59
65
69
69
69
69
65
63
60
58
48
38
27
25
23
20
23
31
39
39
39
39
39
39
39
39
39
40
40
50
60
70
70
70
70
70
70
72
64
53
53
43
43
53
64
74
83
73
81
81
70
70
70
60
58
56
45
44
36
36
36
35
34
34
26
17
17
18
18
18
18
19
20
20
20
22
23
23
23
24
24
24
33
42
44
45
47
47
47
53
61
68
66
57
59
64
68
74
80
77
74
73
72
77
78
78
78
78
78
78
80
80
80
80
74
76
78
81
83
83
78
74
72
67
68
60
52
49
48
49
47
45
50
49
47
47
55
60
60
56
58
64
61
67
74
81
78
74
73
76
73
65
57
49
53
52
57
53
58
63
75
83
91
99
94
94
90
93
89
84
80
80
80
73
66
60
65
65
65
65
65
64
63
63
74
73
68
73
70
69
68
74
80
91
80
80
80
75
77
78
74
64
53
43
50
56
53
51
56
56
61
61
61
67
67
63
59
56
56
60
65
65
64
56
48
48
58
58
48
38
27
38
45
53
63
69
66
66
66
70
76
76
80
84
88
86
85
95
101
102
101
97
92
89
84
84
84
80
80
80
81
81
81
80
80
80
80
80
84
78
73
73
77
77
77
77
77
77
77
75
73
66
55
51
47
40
32
25
14
15
16
25
34
39
45
55
65
74
84
93
102
102
102
105
105
105
102
101
94
86
78
70
64
61
55
47
41
34
42
52
63
72
78
82
91
101
101
100
100
99
99
100
94
86
75
67
66
66
55
44
33
23
20
18
19
17
18
19
19
19
19
18
17
16
26
28
36
36
38
38
39
38
36
36
33
31
23
23
23
24
24
26
28
30
23
23
23
23
23
23
23
23
23
24
24
24
24
24
24
24
24
24
24
23
23
23
23
23
23
23
25
25
25
25
25
25
30
34
34
35
33
33
33
33
33
33
28
24
24
25
33
33
41
49
56
58
64
67
69
67
67
69
68
68
69
69
66
70
76
84
83
88
89
88
88
94
101
102
105
107
109
113
115
117
115
111
108
103
100
92
93
91
88
85
86
88
89
92
93
99
97
98
100
102
105
108
111
114
115
116
117
117
115
116
117
117
117
116
116
116
117
117
117
114
109
106
103
103
105
106
106
107
110
114
118
122
124
125
120
117
114
110
107
105
99
97
91
88
90
91
89
86
84
81
81
77
78
77
75
72
75
75
75
75
81
86
91
90
93
98
94
94
94
94
94
93
92
97
97
97
101
107
105
106
102
98
98
98
98
98
98
92
94
93
91
91
86
81
75
68
61
59
61
66
72
77
83
90
97
105
113
120
124
115
106
97
88
78
69
60
52
44
44
55
64
73
73
74
83
84
92
100
100
92
84
76
77
77
69
69
69
69
57
53
51
49
47
44
41
36
25
13
25
36
47
57
55
55
53
53
53
55
43
33
23
10
10
9
10
11
11
23
22
19
17
17
19
20
20
22
25
17
19
22
24
28
31
33
35
36
34
32
32
32
32
30
30
25
34
43
43
43
43
43
43
43
41
43
33
23
23
23
23
23
31
33
42
44
49
55
60
66
72
77
75
77
73
74
70
65
59
53
52
47
41
36
32
28
27
27
27
32
32
36
40
43
44
44
44
44
51
51
51
51
48
45
45
47
47
47
40
34
34
40
50
59
68
77
88
88
98
106
99
86
74
61
49
36
24
22
9
0
9
19
24
33
33
41
42
42
47
47
50
49
44
35
35
27
26
38
44
50
43
39
43
48
52
63
64
64
64
69
75
82
89
95
102
103
114
112
111
110
99
88
76
65
53
42
31
30
28
27
36
45
53
60
63
67
78
74
70
68
72
75
73
72
80
80
81
89
95
101
100
90
85
82
74
82
81
74
67
60
55
64
74
82
92
92
81
83
85
88
90
86
83
81
76
72
80
80
78
77
77
76
81
74
67
60
53
48
43
39
33
28
18
19
20
22
23
23
23
23
23
22
22
22
22
22
22
20
28
31
31
33
31
31
36
42
48
55
53
60
67
74
84
91
93
95
98
100
101
100
99
97
95
97
97
95
94
95
94
93
95
91
91
84
83
85
85
85
84
82
82
89
90
97
98
97
98
89
91
94
94
95
97
98
99
99
99
106
103
102
101
99
98
97
95
97
93
91
90
88
89
86
83
80
80
78
81
84
89
93
94
98
101
105
97
97
98
98
97
95
86
78
70
63
63
61
61
63
55
47
47
49
50
52
59
55
45
34
34
34
35
34
35
33
26
24
26
30
30
30
31
32
32
32
32
33
33
32
35
34
35
36
38
48
45
47
48
50
47
47
43
40
44
42
55
51
47
42
52
63
73
80
82
84
84
95
108
120
120
122
118
118
107
102
102
102
98
93
89
78
73
76
88
80
67
55
47
47
45
51
52
40
30
32
34
36
39
33
28
24
22
24
24
24
24
24
24
24
24
23
23
23
23
32
42
52
63
73
83
88
98
108
118
119
119
119
119
119
118
124
123
120
119
116
111
107
102
98
98
97
97
95
95
99
103
102
99
95
97
90
91
85
81
75
69
75
83
86
83
81
69
73
73
73
73
63
59
61
63
70
80
83
85
86
87
94
93
90
86
83
80
76
73
72
70
72
75
80
84
89
93
95
97
98
100
98
94
90
86
83
78
76
76
73
72
66
60
56
51
47
43
39
34
32
26
33
40
47
52
51
52
59
59
59
59
55
50
45
41
43
43
39
49
51
53
53
56
58
58
58
58
58
45
45
43
43
41
39
39
39
39
39
43
43
45
45
45
45
43
41
41
43
45
49
52
55
57
58
60
61
60
57
52
47
41
36
32
28
26
25
24
23
23
23
23
31
39
47
47
49
47
44
49
53
57
52
44
39
39
36
39
41
36
32
30
28
26
34
43
53
64
74
84
94
103
111
124
124
113
113
113
113
113
113
113
100
89
78
81
81
81
81
70
63
52
52
60
68
76
74
72
69
77
83
83
85
86
86
86
86
86
85
83
80
78
77
69
67
59
51
43
35
27
28
35
36
42
42
48
53
59
66
75
67
59
57
49
41
33
25
17
9
0
1
8
15
23
31
39
39
48
52
52
59
60
53
45
38
30
30
20
23
31
30
22
22
22
22
22
24
26
32
24
17
30
41
41
53
65
74
73
60
60
73
60
50
50
38
26
15
14
14
14
1
1
0
0
0
9
14
16
16
16
16
16
16
18
31
30
36
45
57
69
81
92
102
113
113
117
118
119
120
120
122
123
125
122
115
114
114
114
103
93
93
93
93
97
103
105
99
92
92
102
102
92
82
82
81
80
85
92
102
101
100
110
119
117
116
113
107
106
101
92
89
85
83
81
78
78
76
69
69
69
68
68
69
73
77
82
77
85
90
100
105
108
109
108
98
95
106
103
101
98
93
92
92
92
101
100
100
100
101
97
102
103
105
107
108
110
111
113
113
118
116
113
108
105
102
101
99
99
99
101
91
94
99
101
100
99
99
99
99
95
105
101
98
87
86
78
78
76
75
76
77
69
61
61
55
61
57
60
61
63
65
76
75
74
85
90
98
98
99
100
100
100
102
115
115
115
115
115
105
94
84
74
74
64
64
56
45
35
35
35
35
35
35
35
25
28
28
28
28
28
34
40
45
45
53
56
65
75
85
83
88
88
88
93
95
93
90
85
81
89
84
85
89
92
88
88
87
87
90
93
97
99
100
89
82
75
68
61
64
61
59
57
52
60
67
74
81
88
83
82
81
80
80
80
80
80
80
73
73
73
66
59
52
44
36
41
45
57
49
42
53
65
76
89
89
76
76
64
76
76
65
53
42
31
40
41
30
31
19
19
19
19
19
18
22
22
20
19
18
17
16
18
22
27
22
27
40
51
58
64
70
74
76
77
77
78
74
68
74
68
61
61
55
48
41
33
25
27
27
40
52
52
59
70
77
84
91
86
81
75
66
66
66
61
61
61
61
64
63
61
63
61
60
60
57
55
52
52
52
52
53
53
52
50
51
57
59
60
60
60
60
60
61
61
63
58
56
53
52
50
47
43
40
38
34
31
28
26
24
22
20
20
20
20
20
20
20
20
20
22
23
23
23
23
24
25
27
28
28
31
33
35
44
53
61
69
76
84
92
97
101
107
106
103
94
85
76
67
60
53
57
50
43
36
36
36
36
36
34
33
20
28
36
45
55
63
70
78
88
97
107
98
89
80
70
63
55
47
45
45
40
43
47
51
56
60
65
69
67
63
64
64
63
60
53
59
65
70
74
77
83
80
77
75
77
76
76
75
77
80
80
89
97
106
115
108
99
91
81
72
65
56
48
39
40
45
53
56
59
67
72
75
78
82
74
68
59
56
52
44
38
41
43
45
45
47
50
53
57
60
64
67
72
76
80
86
93
95
102
109
116
106
106
98
90
77
65
57
44
32
19
17
5
0
0
0
0
0
0
0
0
13
17
17
17
17
17
17
17
25
33
28
32
41
49
58
67
76
85
89
90
94
99
102
101
99
97
94
98
98
101
89
76
64
57
50
43
44
43
44
39
39
39
39
40
40
40
36
27
19
24
35
47
53
65
77
90
98
108
116
117
118
119
125
124
124
124
124
123
122
120
119
118
117
117
116
115
114
111
111
111
111
111
111
111
111
113
114
117
118
119
120
122
123
123
123
113
113
113
100
88
75
63
56
48
39
42
